0.909466	-0.342405
0.968237	-0.184288
0.963314	-0.181456
0.919083	0.0748854
0.810356	0.0964428
0.78725	0.0438512
0.942904	-0.221774
0.973514	-0.223622
0.79751	0.0373359
0.865411	0.13013
0.776847	0.106622
0.703355	-0.00110427
0.730078	-0.17755
0.502007	0.43173
0.637492	-0.112199
1.16702	-0.570658
1.10406	-0.736429
1.28941	-0.65095
0.734965	-0.288919
0.122757	-0.393947
0.103147	-0.335948
1.07768	-1.174
1.26893	-1.27327
1.1573	-0.834171
1.22349	-0.830563
1.56937	-1.25054
2.15321	-2.01851
2.66	-2.66832
2.04907	-2.10535
1.67652	-1.84748
2.17812	-2.45912
2.27877	-2.38567
2.20468	-2.03628
2.09773	-1.7555
1.93737	-1.47092
1.78425	-1.18172
1.72085	-1.11281
1.75332	-1.21316
1.84296	-1.38105
1.74605	-1.26018
2.07611	-1.74567
2.55545	-2.66721
1.76809	-1.89118
1.65285	-1.74062
1.66608	-1.70626
1.70074	-1.73195
1.74038	-1.79561
1.77401	-1.84534
1.69724	-1.79288
1.88814	-2.016
1.89594	-1.93031
2.03091	-1.8534
1.63309	-1.15173
1.41054	-0.947989
0.838869	-0.846289
1.1048	-0.639977
1.9062	-1.73788
1.67883	-1.47579
1.78924	-1.59306
1.70358	-1.45743
1.5826	-1.33073
1.61134	-1.44229
1.46938	-1.3339
0.710269	-0.434287
-0.102641	0.0503792
-0.626154	0.300435
-0.480766	0.0952719
-0.325747	0.144688
-0.385798	-0.232194
-0.342306	-0.170798
-0.258143	-0.0303031
-0.202504	-0.042588
-0.239518	-0.0959484
-0.149738	-0.184083
0.513807	-0.585496
1.4718	-1.70498
2.09288	-2.37948
2.24333	-2.21592
2.00778	-1.6721
2.49115	-2.29465
2.75501	-2.73944
2.9756	-3.03043
3.10039	-3.24371
2.80399	-2.95247
2.74023	-2.77211
2.56814	-2.4892
1.49468	-1.40006
1.09988	-1.12714
0.994841	-1.13424
0.912904	-1.16034
0.666788	-0.971799
0.699282	-1.07054
0.761766	-1.14661
1.00798	-1.21083
1.32287	-1.5057
1.1488	-1.30356
0.0951989	-0.155439
-0.287412	0.00101354
-0.359105	0.0430632
-0.518795	0.127167
-0.617599	0.0461639
-0.473776	-0.300987
-0.46703	-0.197057
-0.156699	-0.246908
0.189671	-0.273148
1.19478	-1.09985
1.3218	-1.17371
1.49621	-1.33391
1.71997	-1.58782
1.46263	-1.29431
0.763497	-0.723418
0.0316871	-0.351352
-0.194686	-0.221112
-0.668445	-0.26648
-0.632232	-0.0440616
-0.450574	0.0936574
-0.340635	-0.16668
-0.108546	-0.223547
-0.0644765	-0.420184
-0.183422	-0.721531
0.23348	-1.05098
0.143261	-1.15535
0.00792482	-1.12053
-0.101876	-1.12114
0.202132	-1.17251
0.622669	-1.4449
1.54946	-2.06723
1.93401	-1.51973
2.42883	-2.29063
2.77714	-2.96217
2.92062	-3.17696
2.726	-2.90138
2.63737	-2.73583
2.50379	-2.46867
2.13963	-1.98493
0.719635	-0.866451
0.00917819	-0.77053
-0.27759	-0.696591
-0.40473	-0.680517
-0.476949	-0.661367
-0.562703	-0.637446
-0.636361	-0.648971
-0.633948	-0.703348
-0.689379	-0.812382
-0.814873	-0.547393
-0.499946	-0.716852
-0.00533099	-0.652824
-0.0380986	-0.398588
0.271	-0.407334
0.159576	-0.419012
0.521297	-0.233434
0.712546	-0.313408
0.67944	0.00173241
0.735647	0.225231
0.615378	0.268225
0.442117	0.0247543
0.664338	0.297105
1.02577	0.611221
0.836427	0.553205
0.950668	0.679482
0.99311	0.660363
0.886583	0.535799
1.0075	0.398821
0.798657	0.343372
0.659772	0.0533598
0.752189	0.095247
0.774643	-0.0789259
0.756612	0.116007
0.877699	0.0848057
0.663424	-0.159276
0.937769	0.148721
0.93247	-0.584838
0.964449	-0.459268
1.14424	-0.217294
0.866706	-0.213457
0.805706	-0.23134
0.95835	-0.165998
0.788365	-0.118658
0.88476	-0.372518
0.814778	-0.796749
0.659346	-0.508666
0.845983	-0.776363
1.33408	-1.15673
1.30187	-1.14547
1.05064	-0.737332
0.971913	-0.659668
1.54385	-1.24414
1.36237	-1.61848
1.50904	-1.88179
1.86576	-2.11108
1.86302	-1.90129
1.81618	-1.78962
1.77799	-1.79625
1.64623	-1.70682
1.32157	-1.37861
0.995015	-1.16823
0.773966	-1.17001
0.501437	-1.05563
0.228556	-0.983258
0.0443055	-0.974823
-0.0546343	-0.987627
-0.0358406	-0.997981
0.177944	-1.09532
0.628281	-1.18711
0.66059	-0.966949
0.402227	-0.340621
0.579438	-0.968336
0.662925	-0.947409
0.913623	-1.00182
1.17089	-1.16223
1.31667	-1.25746
1.5719	-1.44124
1.75628	-1.58279
1.9808	-1.87588
1.77768	-1.65793
1.6377	-1.52241
1.57074	-1.51141
1.65719	-1.69468
1.60531	-1.70346
1.41519	-1.60505
1.25315	-1.49083
1.16795	-1.50237
1.02125	-1.39782
0.859195	-1.14795
0.826245	-1.00422
0.887969	-1.07955
0.798694	-1.08319
0.601529	-0.993224
0.775565	-1.16284
0.707588	-1.03071
0.880398	-1.13107
0.711178	-0.861144
0.5587	-0.804187
0.715361	-0.761365
0.680705	-0.580399
0.845632	-0.800844
0.665674	-0.172464
0.971384	-0.377128
0.847898	-0.264107
1.07914	-0.448811
0.933576	-0.0989895
0.976907	-0.12889
1.10633	-0.503219
1.11492	-0.467053
1.0406	-0.511064
1.00899	-0.193628
0.956946	-0.403593
1.05733	-0.426179
0.928686	-0.166439
0.742321	0.100957
0.037748	0.156023
-0.329412	-0.457741
-0.21896	-0.637334
0.0216802	-0.462148
0.188972	-0.0657368
0.0153154	-0.280894
-0.115785	-0.423913
0.359156	-0.461406
1.41902	-1.29432
1.69559	-1.39796
1.61713	-1.20538
2.04963	-1.23176
2.42128	-1.45752
2.69081	-2.3332
2.0919	-1.91796
2.18112	-2.02414
2.22191	-2.06262
1.77069	-1.49752
2.05995	-1.8849
1.78273	-1.49531
2.20342	-1.9334
2.28324	-2.07655
2.14836	-1.98367
2.09395	-1.59896
1.61766	-1.16797
2.11191	-2.13325
2.05506	-2.27369
2.00006	-2.26761
2.38032	-2.81992
2.39339	-2.87207
1.82574	-1.90785
2.50244	-2.71887
2.41761	-2.50978
2.15145	-2.10977
2.20806	-2.18392
2.10944	-2.02859
2.05899	-1.94354
2.09045	-1.9736
2.31553	-2.24049
2.80526	-2.87164
2.65528	-2.90596
2.66839	-3.06427
2.46466	-2.77641
2.56306	-2.88619
2.54157	-2.74727
2.67434	-2.98846
2.70941	-3.03172
2.38727	-2.6014
2.58667	-2.72771
2.07709	-1.89858
1.63501	-1.32528
1.32135	-1.18111
1.14178	-0.804819
1.05341	-0.747149
1.12913	-0.822558
1.12372	-0.681451
1.00492	-0.592839
0.903429	-0.517778
1.13885	-1.08646
1.22386	-1.24412
1.1144	-1.00354
1.10662	-0.969945
1.18074	-1.05857
1.1747	-1.05866
1.10582	-1.06356
0.903843	-0.933882
0.771697	-0.927969
0.739063	-0.986603
0.619933	-1.03917
1.4165	-1.39451
1.92369	-1.78827
2.0181	-1.46226
2.06211	-1.61484
2.56541	-2.03791
1.97792	-1.90625
1.85639	-1.79539
2.6479	-2.54991
2.70751	-2.71135
2.82236	-2.93082
2.76361	-2.53094
1.56721	-1.31299
0.226267	-0.874047
-0.333899	-0.745103
-0.545534	-0.505497
-0.5938	-0.409137
-0.667004	-0.538508
-0.479179	-0.699959
-0.33372	-0.639273
-0.109038	-0.456459
0.0722102	-0.412674
0.379916	-0.568239
0.436125	-0.274864
0.483737	-0.436262
0.49376	-0.417048
0.626343	-0.225442
0.639821	-0.100281
0.849712	-0.278448
0.682637	-0.140192
0.704977	-0.0939775
1.2519	0.532893
1.16726	0.407306
0.596828	-0.242609
0.675727	-0.334094
0.715139	-0.166261
0.726721	-0.240133
0.454533	-0.0229901
0.710494	-0.227493
0.706428	0.0397491
0.524842	0.0928575
-0.0158916	-0.14151
-0.0999309	-0.283146
-0.290281	-0.353602
-0.714236	-0.356551
-0.788968	-0.34058
-0.847517	-0.710903
-0.472292	-1.21257
0.262075	-1.54815
0.800658	-1.65185
1.44721	-1.89895
1.84768	-1.89102
2.28414	-1.98706
2.39695	-1.64516
2.40086	-1.50457
2.71254	-2.46089
1.79817	-1.47854
1.80493	-1.52079
1.98408	-1.76676
1.86424	-1.61407
1.4776	-1.18566
1.59779	-1.28595
1.82168	-1.4085
2.83121	-2.66457
2.46229	-1.97028
1.47962	-1.27371
1.1644	-1.08517
1.67512	-1.84766
1.81845	-2.21096
1.48378	-1.76226
2.06695	-2.24779
2.22323	-2.23083
2.31684	-2.21119
2.32892	-2.18369
2.34432	-2.16385
2.26173	-2.04774
2.13497	-1.89267
1.99025	-1.71927
1.88348	-1.62284
2.00855	-1.80921
2.49667	-2.71
2.40776	-2.67061
2.62065	-3.00424
2.52869	-2.90885
2.49058	-2.33554
2.38196	-2.20983
1.74596	-1.25875
0.338655	-0.369143
0.766304	-0.0167351
0.31443	-0.126381
0.414048	0.0569879
0.397181	0.0640967
0.559784	0.116637
0.758609	0.23421
1.11422	0.776019
1.19875	0.613253
0.796989	0.167908
0.305269	-0.274763
-0.0759632	-0.874212
0.0168598	-1.0662
-0.0630671	-1.16747
-0.0886368	-1.06363
0.754369	-0.882159
0.845321	-0.772111
0.655862	-0.492935
0.972218	-0.326536
1.39916	-0.600319
1.33222	-0.315391
1.15895	-0.036678
1.84828	-0.889183
1.44766	-0.524526
1.67771	-1.12177
1.9056	-1.29328
2.04956	-1.61949
1.54954	-0.966213
1.52357	-0.97318
1.46073	-0.907303
1.41735	-0.822164
1.5064	-0.963543
1.5292	-0.999913
1.4886	-0.909986
1.6004	-1.13418
1.62709	-1.1678
1.65912	-1.23963
1.62731	-1.34387
1.46147	-1.31614
1.59165	-1.51306
1.77209	-1.72555
1.68893	-1.5113
1.47743	-1.07948
1.43297	-0.88497
1.63383	-1.00347
1.74095	-1.08183
1.45789	-0.777716
1.59734	-0.944852
1.91528	-1.42071
1.33465	-0.600358
1.14564	-0.566508
1.07346	-0.611071
0.93492	-0.320281
1.02307	-0.401736
1.08931	-0.592356
1.07344	-0.298823
1.11429	-0.428764
1.31235	-0.739339
1.14905	-0.576328
0.918516	-0.294731
1.14362	-0.351273
1.50949	-0.418635
1.51125	-0.676552
1.57534	-1.0486
0.956053	-0.34095
1.33416	-0.847625
1.33494	-0.989966
1.37451	-0.646631
1.36803	-0.947074
1.3144	-0.813501
1.24671	-0.801861
1.2105	-0.726198
0.94832	-0.388195
0.988787	-0.31048
0.918069	-0.36331
0.853333	-0.254729
0.678449	0.115647
0.929082	0.00723874
0.809474	-0.108214
0.653789	-0.101654
0.727179	-0.276871
0.708286	-0.0186461
0.628982	0.128413
0.575817	0.188536
0.636018	0.309686
0.728398	0.342153
-0.261455	-0.316388
-0.750027	-0.503504
-0.885651	-0.447277
-0.852671	-0.459138
-0.629249	-0.64546
-0.107421	-0.675352
0.515549	-0.893579
0.801563	-1.1716
0.945241	-1.15405
1.09997	-1.06195
1.41512	-1.26298
1.51756	-1.30046
1.44494	-1.17942
1.3274	-1.12232
1.38262	-1.25176
1.53103	-1.76663
1.33666	-1.23746
1.17418	-0.796221
1.24166	-1.10257
1.20863	-1.10791
1.32477	-1.08694
1.05997	-0.87135
1.0311	-0.708434
1.13409	-0.898627
0.860508	-0.468009
0.861817	-0.987409
0.77975	-0.964308
0.764312	-1.03854
0.632262	-0.950417
0.474132	-0.806027
0.467032	-0.830648
0.531437	-0.886736
0.729763	-0.990222
0.752347	-0.826199
0.831467	-0.846649
1.04919	-0.915002
1.51022	-1.14897
1.7386	-1.23438
2.15262	-1.94022
2.32108	-2.26667
2.05918	-2.00956
1.84665	-1.70886
1.90621	-1.85731
1.6045	-1.46612
1.44299	-1.21135
2.24984	-2.28728
2.3911	-2.65643
2.10252	-2.25665
2.21732	-2.34692
2.3844	-2.53703
1.75323	-1.75333
0.833028	-0.856795
-0.127588	-0.3409
0.157622	-0.394593
0.555435	0.175839
0.995614	0.390858
1.54319	1.05187
1.06164	0.495426
1.39962	1.14968
1.5377	1.29104
1.58108	1.26513
1.35497	1.03101
1.1814	0.816476
0.879436	0.556083
1.04601	0.758124
1.05202	0.811773
1.04919	0.582072
1.11495	0.613127
0.399218	-0.158874
1.07123	-1.07028
1.12872	-1.12233
0.815884	-0.594771
0.45764	0.212485
0.662456	0.153919
0.639791	-0.0102228
0.829807	-0.0417618
0.762964	-0.187181
0.782079	-0.166623
0.801184	-0.487496
1.0321	-0.835976
1.09467	-0.739806
0.648927	-0.263476
1.10556	-0.595051
1.34728	-0.527806
1.17108	-0.350251
0.998366	-0.794147
1.7138	-1.36454
1.88024	-1.53577
2.2272	-1.98849
1.87298	-1.51196
1.88823	-1.54797
1.73734	-1.33995
1.60509	-1.21334
1.3935	-1.0671
1.2013	-1.00023
1.13413	-1.04598
1.31893	-1.18776
1.80728	-1.80277
1.76822	-1.66471
1.34744	-1.13238
1.41576	-1.33399
1.38599	-1.28729
0.559724	-1.09258
0.319884	-1.26713
0.166197	-1.22598
0.187387	-1.18218
0.322568	-1.20902
0.54897	-1.26947
0.87487	-1.1795
1.12404	-0.988358
1.51661	-1.22199
1.99452	-1.79103
1.86762	-1.54228
1.35104	-1.0063
1.2622	-1.01082
1.2161	-1.06021
1.27421	-1.21856
1.88632	-1.96317
2.54865	-2.70271
3.14022	-3.27478
2.32007	-2.10555
1.44074	-1.25282
1.15895	-0.820471
1.03193	-0.617318
0.92763	-0.491289
0.753603	-0.201728
0.45443	-0.0883583
0.768136	-0.32144
1.18252	-0.816907
2.39788	-2.57634
2.13105	-2.24864
1.96017	-2.20995
1.70879	-1.88301
2.10016	-2.42134
1.99868	-2.29604
2.14099	-2.44265
1.71207	-1.83161
1.53893	-1.65267
1.51797	-1.71933
1.42589	-1.67553
1.44938	-1.58996
0.788247	-0.84645
0.316204	-0.568605
0.424606	-0.675746
0.352273	-0.635248
0.247729	-0.671565
0.363066	-0.915927
0.567996	-1.17543
1.13838	-1.7141
1.11622	-1.80646
1.17131	-1.91622
1.21079	-1.96137
1.28611	-1.99899
1.36167	-1.98956
1.46357	-1.9989
1.6757	-2.18996
1.57193	-1.99288
1.48676	-1.80789
1.32959	-1.58209
1.1229	-1.36284
0.999414	-1.12731
0.995187	-1.02929
1.03982	-1.0046
1.09499	-1.02766
1.21395	-1.1164
1.27344	-1.11693
1.65187	-1.52153
2.18313	-2.10696
2.3287	-2.48384
2.06741	-2.18537
2.13043	-2.26737
2.32491	-2.55262
2.22067	-2.42641
2.13128	-2.28316
2.17766	-2.31037
2.10975	-2.17968
2.27943	-2.31859
2.29465	-2.12303
2.48386	-2.30642
2.67851	-2.54363
2.12887	-1.76559
2.77419	-2.7153
2.98822	-3.11891
2.83732	-3.12718
2.12663	-2.32948
1.75509	-1.89172
1.42664	-1.38007
1.28085	-1.0434
1.35671	-0.952422
1.41661	-0.849119
1.56867	-0.90069
1.62358	-0.896026
1.67814	-0.923113
1.67017	-0.817886
1.70155	-0.791848
1.74647	-0.84621
1.54638	-0.520629
1.88755	-0.889683
2.24585	-1.35905
2.37725	-1.67111
2.37917	-1.93685
1.54042	-0.965492
1.33017	-0.855856
1.33702	-0.981256
1.39962	-1.2036
1.33803	-1.10706
1.39472	-1.26735
1.41932	-1.29298
1.63113	-1.55503
1.45807	-1.43451
1.37927	-0.994848
1.20233	-0.799787
0.908867	-0.352112
0.861001	-0.111144
0.668448	-0.0476964
0.938742	-0.36249
1.73147	-1.12124
1.88049	-1.40656
1.52871	-1.11009
1.20899	-0.427892
1.34944	-0.498202
1.344	-0.690144
1.26138	-0.600219
1.27527	-0.885312
1.27161	-0.743076
1.25281	-0.677291
0.96469	-0.52583
1.04297	-0.286204
1.14392	-0.488512
0.850573	-0.239275
0.78328	0.144414
0.855244	0.197369
0.722789	0.191165
1.01399	-0.121341
0.676233	0.0489977
0.740484	-0.0431668
0.875683	-0.0946942
1.08448	-0.323388
0.615856	-0.0304889
0.361125	-0.404908
1.42947	-1.27952
1.69742	-1.64455
1.47077	-1.3998
1.34192	-1.06384
1.44139	-1.05708
1.5542	-1.15236
1.32543	-0.887895
1.23576	-0.710435
1.41741	-0.868839
1.14327	-0.704791
1.3378	-0.717725
0.772361	-0.686315
1.40903	-1.39743
1.19502	-1.17699
0.831294	-0.510184
0.838259	-0.553762
1.14521	-0.373484
1.16064	-0.941038
1.29614	-0.721689
1.70927	-0.995285
1.93718	-1.00052
1.54642	-0.756082
1.45483	-0.806088
1.54416	-0.909043
1.80097	-1.11679
1.96666	-1.1554
2.30854	-1.6654
1.61796	-0.876038
1.03619	-0.374545
1.45458	-0.553796
1.48016	-0.797431
1.54315	-0.862242
1.32913	-0.649908
2.68661	-2.29368
1.76627	-1.06868
1.87031	-1.0183
1.22892	0.0273773
1.17704	-0.0263342
1.84108	-0.496428
1.85876	-1.06168
2.19418	-1.8785
2.37628	-2.09026
2.65337	-2.35086
2.27668	-1.98432
2.34695	-2.0258
1.76419	-0.874132
1.44509	-0.195761
1.63745	-0.579817
1.51125	-0.716728
1.51189	-0.850539
1.67442	-1.21679
2.15703	-2.01808
2.41818	-2.58332
2.35319	-2.49999
2.41543	-2.63947
2.5171	-2.82223
2.32767	-2.54989
2.31273	-2.55763
2.38208	-2.58699
2.38141	-2.55902
1.58492	-1.73942
0.307598	-0.461782
0.640053	0.0643849
0.41386	0.0903978
0.789327	0.0662981
1.16384	0.465129
1.37258	0.543687
1.24284	0.119843
1.19086	0.445412
0.949183	0.355979
1.03555	0.279788
1.14699	-0.106035
1.29277	-0.827064
1.65094	-1.06015
2.05678	-1.51356
1.86406	-1.31145
1.78531	-1.17163
1.56545	-0.847745
1.53629	-0.74438
1.44902	-0.56967
1.38908	-0.416791
1.1988	-0.20626
1.27175	-0.329029
1.40228	-0.366435
1.42107	-0.370184
1.31969	-0.259682
1.52209	-0.149819
1.72609	-0.540365
1.69341	-0.431606
1.98175	-0.723788
1.64631	-1.47176
1.20139	-1.05225
0.840371	-0.438861
0.941001	-0.316541
0.818722	-0.456722
0.577458	-0.227549
0.781322	-0.474552
0.645508	0.087558
0.92755	0.231537
0.944577	0.509168
1.08582	0.645215
1.31159	0.688016
1.07893	0.340558
1.13588	0.346835
1.37173	0.542558
1.0749	0.360361
0.981544	0.160802
1.39798	-0.687529
1.99874	-0.906624
1.8835	-0.931147
1.78751	-0.866219
1.49368	-0.462095
1.41286	-0.329545
1.70444	-0.621892
1.74073	-0.687197
1.82844	-0.771918
1.93645	-1.27675
2.93066	-3.12424
3.02423	-3.23889
3.09788	-3.37475
2.97796	-3.30794
2.9408	-3.24474
2.66273	-2.82815
1.7453	-1.4563
1.1865	-1.11401
0.839478	-1.05924
0.633887	-0.969474
0.455312	-0.833837
0.467146	-0.869431
0.537708	-0.948717
0.769512	-1.18529
1.11674	-1.48156
1.3563	-1.70015
1.02114	-1.26882
0.261599	-0.620757
-0.300235	-0.256891
0.0328589	-0.486837
-0.0545391	-0.344329
0.0773915	-0.397647
0.39574	-0.490318
0.363629	-0.5343
0.394803	-0.306677
0.497069	-0.387476
0.49934	-0.300054
0.565264	-0.673644
1.24818	-1.21264
1.89689	-1.85292
1.76579	-1.69934
1.73165	-1.58246
1.54698	-1.35954
1.59489	-1.3979
1.51683	-1.30804
1.55373	-1.38164
1.60448	-1.34107
1.7096	-1.41874
1.71329	-1.47306
1.9074	-1.80601
1.65866	-1.55369
1.71329	-1.66556
1.478	-1.45071
1.3347	-1.34859
1.14029	-1.21928
1.00577	-1.04154
1.08381	-1.02339
1.18349	-1.05207
1.33772	-1.06407
1.63364	-1.25284
1.95195	-1.40661
1.76773	-0.977929
1.91062	-0.78091
1.61758	-0.338888
1.84308	-0.719503
2.05937	-1.08714
1.57146	-0.417347
1.34595	-0.149157
1.43961	-0.251493
1.44936	-0.170288
1.55538	-0.456148
1.479	-0.326223
1.47095	-0.450993
1.50563	-0.575305
1.37505	-0.433212
1.49177	-0.643759
1.35452	-0.562756
1.32691	-0.622269
1.08598	-0.42167
0.969732	-0.460721
0.836814	-0.601183
0.70294	-0.694258
0.48394	-0.701566
0.691022	-0.909104
1.01223	-0.979715
1.00036	-0.909694
1.45289	-1.52324
1.75189	-1.93784
1.29183	-1.29654
1.28166	-1.11897
1.60517	-1.58628
1.57014	-1.25639
1.04809	-0.591356
1.06662	-0.532012
1.28236	-1.21343
0.822699	-0.74521
0.638945	0.172
0.563095	0.384456
0.735814	0.625709
0.75697	0.772889
0.854736	0.745043
0.85332	0.462213
0.92692	0.536741
0.633202	0.18932
0.766696	0.40847
0.773646	0.622923
0.745657	0.214531
0.698428	-0.320196
0.874519	-0.763534
0.951632	-0.860057
1.09139	-1.04918
0.979157	-0.921325
0.867773	-0.788803
1.1532	-0.808409
0.778925	-0.360327
0.827462	-0.943081
1.80852	-1.92341
1.93429	-2.08425
1.85304	-2.01876
1.79532	-1.87644
1.66563	-1.71171
1.91889	-2.04482
2.12963	-2.34714
2.16674	-2.43374
1.9381	-2.13862
1.19149	-1.32242
1.77568	-1.95499
1.93324	-2.31585
1.97196	-2.45395
1.49723	-1.7689
1.81441	-2.2773
1.75053	-2.35827
1.67567	-2.31971
1.86659	-2.50939
1.36677	-2.03645
0.60748	-1.49081
0.13661	-1.25855
-0.063325	-1.15386
-0.136493	-1.11866
-0.20817	-1.10033
-0.141042	-1.09288
0.0266284	-1.08181
0.395564	-1.17457
0.876337	-1.29267
1.41117	-1.49847
1.63854	-1.47236
1.67199	-1.31811
1.58971	-1.12996
1.48471	-1.06437
1.1415	-0.688509
1.6364	-1.48539
2.12714	-2.16897
1.5069	-1.55534
0.58505	-0.848854
0.41501	-0.589604
0.793644	0.176049
0.825188	0.214598
0.852894	0.447954
1.26658	1.07657
0.835293	0.688106
0.742228	0.736615
0.0189591	-0.0313762
-0.427747	-0.0893378
-0.0362315	-0.371426
-0.073481	-0.518658
0.559477	-0.81807
0.291983	-0.514048
0.274702	-0.769616
1.02944	-0.680175
1.06269	-0.536142
0.701346	-0.358216
0.616099	-0.0831381
0.770873	-0.261009
0.765563	-0.237143
0.603327	0.0731215
0.715031	-0.216151
0.91732	-0.187012
0.650621	-0.0565663
0.851729	-0.00407916
0.265112	-0.557197
-0.105727	-0.951256
-0.242369	-1.04895
-0.0852088	-0.806061
-0.223463	-0.607995
-0.200532	-0.565489
-0.251673	-0.375503
-0.230643	-0.466981
0.00463916	-0.761961
-0.0171233	-0.449778
0.0197177	-0.746296
0.252281	-0.596039
0.714137	-0.833881
1.07965	-1.16744
1.21089	-1.24972
1.43818	-1.31885
1.58133	-1.39715
1.66635	-1.42858
1.66505	-1.30436
1.59538	-1.14996
1.50901	-1.01694
1.39586	-0.864256
1.33894	-0.787485
1.28511	-0.75479
1.97283	-1.96452
1.77706	-1.77524
1.6106	-1.52136
1.71572	-1.56389
1.69377	-1.38074
1.79382	-1.36093
1.58977	-0.987406
1.45165	-0.740928
1.37346	-0.622434
1.14526	-0.41418
1.06382	-0.396525
1.16604	-0.633402
1.36053	-0.993068
1.78298	-1.83737
2.05112	-2.23575
2.01091	-2.18982
2.27264	-2.55577
2.16353	-2.46346
2.28624	-2.61576
2.09554	-2.29417
0.453372	-0.957176
-0.062889	-0.800257
-0.303414	-0.513806
-0.488266	-0.43611
-0.477605	-0.456427
-0.515089	-0.544574
-0.500936	-0.665655
-0.43627	-0.698788
-0.255863	-0.737933
-0.0446132	-0.709419
0.230454	-0.663003
0.541148	-0.630576
0.93717	-0.742459
1.28294	-0.891684
1.57488	-1.06146
1.91506	-1.325
2.15375	-1.50804
2.29759	-1.57704
2.28638	-1.34539
2.6197	-1.70162
1.95101	-0.665958
2.6681	-1.63371
2.18432	-1.03491
2.31113	-1.51036
1.62585	-0.775188
2.11539	-1.67844
2.45786	-2.34671
1.81522	-1.39501
1.56785	-1.1164
0.942166	-0.473523
1.03173	-0.335354
1.08213	-0.49252
1.29214	-0.741064
1.18179	-0.702899
1.16784	-0.532674
1.25353	-0.461586
1.05862	-0.375626
0.897683	-0.274984
1.00623	-0.246149
1.11274	-0.131355
0.875312	-0.185657
1.08045	-0.353572
1.07496	-0.151725
0.978776	-0.161066
1.00039	-0.315852
0.884454	-0.0949805
1.09168	-0.171001
0.789623	-0.0104844
0.959424	-0.0156855
1.41666	-0.992236
1.92312	-1.38284
1.41406	-1.1449
1.09749	-0.674739
1.5425	-1.10634
1.15134	-0.78213
1.12793	-0.822175
1.05846	-0.626027
1.39849	-0.776099
1.46459	-0.745252
2.39306	-1.38342
2.02431	-0.96991
1.90829	-1.04668
2.1067	-1.36247
2.11642	-1.68432
2.76439	-2.81626
2.9463	-3.10567
2.82337	-3.13387
2.38134	-2.63985
2.10047	-2.3377
2.33935	-2.7515
1.20908	-1.16209
0.98966	-0.800511
0.950973	-0.712111
0.868438	-0.573147
0.847922	-0.570594
0.820893	-0.601578
0.736007	-0.550634
0.654307	-0.637974
0.590306	-0.748641
0.514159	-0.92562
0.501338	-1.0882
0.739995	-1.34265
0.877013	-1.27205
0.876652	-1.12299
0.680482	-1.07739
0.740917	-0.994493
0.971723	-1.04421
0.877388	-1.14737
0.806109	-1.20814
0.818903	-1.28034
1.39156	-1.51511
1.45059	-1.61973
1.24862	-1.27024
0.772463	-0.913062
1.26851	-1.60783
1.25284	-1.64671
1.42189	-1.7926
1.64784	-1.99924
1.82258	-2.1611
2.12256	-2.45731
1.3003	-1.40902
1.08498	-1.10562
0.82216	-1.12855
0.633732	-0.999558
0.495981	-0.791571
0.542256	-0.660984
0.924587	-1.02192
0.915165	-0.824549
1.96491	-1.92143
2.17166	-2.11142
2.58701	-2.5838
2.90316	-2.83345
2.25422	-1.97283
2.4017	-2.05405
2.39328	-1.85933
0.694963	-0.277559
0.632772	-0.210482
0.700489	0.106043
0.503883	0.044321
0.755229	0.122446
0.987991	0.181395
0.933705	0.275581
0.965119	0.244206
0.88598	0.555157
0.888649	0.325647
0.703875	-0.323213
2.13071	-1.16844
2.15681	-1.01271
1.90561	-0.797376
1.98271	-0.925425
1.74695	-0.533506
1.70554	-0.389583
1.5963	-0.138091
1.4046	0.139903
1.36855	0.14501
2.01277	-1.07059
2.4623	-2.08189
2.5822	-2.20401
2.41336	-1.90495
2.29257	-1.72412
2.10216	-1.45148
1.30334	-0.317139
1.1564	-0.144922
1.17295	-0.0535678
1.27957	-0.258938
1.17408	-0.350782
1.14883	-0.438634
1.15313	-0.604073
1.40359	-1.00676
1.86642	-1.65505
1.92663	-1.75727
2.10655	-2.04743
2.46267	-2.50385
3.27571	-3.41504
2.47461	-1.94195
2.0348	-2.03257
1.64132	-1.74327
1.34055	-0.622105
0.671611	0.276508
-0.132525	-0.289319
-0.0278414	-0.00451366
0.573714	-0.40597
0.914683	-0.653988
1.15567	-0.733229
1.04629	-0.421888
2.00419	-1.45307
2.95661	-2.90102
2.63997	-2.5685
2.47667	-2.3184
1.95768	-1.53962
1.72595	-1.13402
1.54122	-0.848853
1.49622	-0.755761
1.46286	-0.726246
1.33477	-0.654476
1.2426	-0.620359
1.17511	-0.732113
1.04333	-0.745589
0.948689	-0.817953
0.942672	-0.893294
1.74243	-1.89071
1.95388	-2.23759
1.72663	-1.99399
1.77885	-1.90781
1.64684	-1.73611
1.49115	-1.54413
1.14937	-0.898423
1.44144	-1.25446
1.37736	-1.02394
1.34841	-1.09969
1.29044	-1.01761
0.338907	-0.0711963
0.30939	0.111191
0.611401	0.362896
0.71861	0.508675
0.737878	0.571378
0.988514	0.669845
0.839839	0.482003
0.91253	0.308012
0.961804	0.13353
0.702706	0.0372057
0.626232	-0.392543
0.551449	-0.672893
0.525504	-0.73242
0.721441	-0.247563
0.732241	0.0102641
0.826445	-0.0697465
0.794566	-0.252918
0.762155	-0.0474791
0.70639	-0.0240018
0.526424	-0.0919015
0.532808	0.246574
1.22425	-0.199106
1.45483	-0.503813
1.25471	-0.283659
1.08311	-0.292198
1.12818	-0.381463
1.41035	-0.677867
1.10182	-0.294973
0.765302	-0.17173
0.497317	-0.429852
0.380244	-0.674409
0.878566	-0.752143
1.30841	-0.883367
1.58585	-1.43476
1.86812	-1.86011
1.98952	-2.03552
1.45563	-1.32641
1.80692	-1.77146
0.648991	-1.08496
-0.0848109	-1.02546
-0.155218	-0.897708
0.434354	-0.870278
1.98583	-2.26706
2.0537	-2.31454
1.97566	-2.2186
0.420477	-0.854476
-0.300704	-0.865779
-0.441283	-0.90768
-0.490404	-0.941386
-0.475918	-0.949894
-0.423576	-0.989701
-0.296905	-1.04977
0.0733624	-1.14341
0.676849	-1.17604
1.55259	-1.55373
1.67086	-1.35267
0.862058	-0.301331
1.33381	-0.829814
1.9982	-1.70828
1.87288	-1.60952
1.97268	-1.71299
2.21922	-1.94386
2.0083	-1.54397
1.92693	-1.2831
1.92337	-1.22048
2.06172	-1.38395
2.15607	-1.46802
2.11997	-1.44899
2.06922	-1.45403
1.96329	-1.2856
1.73076	-0.861018
1.57303	-0.858774
1.46964	-1.0145
1.64448	-1.32615
1.69996	-1.42221
1.39684	-1.08998
1.2162	-0.957985
1.2744	-0.995675
0.954094	-0.49472
1.70724	-0.920951
1.77879	-1.16083
1.29596	-0.378184
1.56463	-0.903916
1.47519	-0.687215
1.44033	-0.309963
1.49221	-0.759271
1.19087	-0.386815
1.02845	-0.266956
1.17554	-0.376004
1.50471	-0.878684
1.33543	-0.70648
1.25866	-0.709567
1.1958	-0.807914
1.20872	-0.951875
0.881505	-0.608558
0.164956	-0.270291
0.498119	-0.152668
0.79614	0.201078
0.809033	0.0728534
0.886385	0.472206
0.845672	0.62323
0.773886	0.564826
0.868839	0.406982
0.822312	0.2461
0.615559	0.281638
0.79206	-0.23312
0.889922	-0.343589
0.765656	-0.155381
0.573955	-0.0465866
1.13301	0.28608
0.971099	0.0839752
1.25632	-0.564699
1.04206	-0.151485
1.03977	-0.368032
0.983599	-0.378955
1.11676	-0.621814
1.09593	-0.76972
1.13157	-0.934101
1.16579	-1.04869
1.70799	-0.805358
1.83594	-1.30133
1.71646	-1.19925
1.60649	-1.25136
0.973545	-0.624136
0.868902	-0.807129
1.12368	-0.906111
0.51082	-0.791945
0.795051	-0.881623
1.36115	-1.53863
1.02892	-1.32277
0.774635	-1.2161
0.836109	-1.14166
1.2783	-1.32487
1.36053	-1.11497
1.22637	-0.654194
1.48686	-0.678007
1.26563	-0.209
1.26485	0.0181761
1.65436	-0.540704
1.47929	-0.324526
1.31241	-0.2181
1.33525	-0.34091
0.90398	0.123799
0.887711	-0.106201
1.44331	-0.89011
1.55557	-1.06971
1.32859	-0.762106
1.45744	-0.923262
1.45321	-0.863001
1.47929	-0.833614
1.49082	-0.793307
1.62859	-0.896266
1.84764	-1.08114
1.81969	-0.902046
1.84454	-0.811518
1.76693	-0.42567
1.42981	-0.1534
1.36483	-0.255731
1.46117	-0.266227
1.25604	-0.188019
1.69183	-0.77248
1.57869	-0.564394
2.17011	-1.60726
1.82006	-1.30482
1.18738	-0.405444
1.24186	-0.479786
1.11004	-0.214641
1.25419	-0.440437
1.06512	0.0528937
0.961145	0.00230083
0.654172	-0.0390102
0.679193	0.173541
0.793172	0.119553
0.777918	-0.0187197
0.771519	-0.211503
0.770544	0.067207
0.800096	-0.20491
0.869965	-0.0547783
0.85382	-0.172495
0.798875	-0.107555
0.916479	-0.282885
0.685456	-0.947818
0.570205	-0.991318
0.629174	-1.02556
0.733799	-1.1554
0.971634	-1.39321
1.08457	-1.38286
1.17096	-1.30215
0.753178	-0.803922
0.0980623	-0.395176
0.0556986	-0.691199
0.29674	-0.47791
0.339376	-0.63329
0.435531	-0.653515
1.22364	-1.2465
1.87926	-1.92008
1.97086	-2.00156
1.88281	-1.79137
1.95363	-1.7102
2.07322	-1.99185
2.43357	-2.65308
2.46243	-2.7204
2.44478	-2.69514
2.52273	-2.71129
1.90235	-1.45781
1.30433	-0.410198
1.18423	-0.164567
1.04486	0.0193988
1.00688	0.0398372
0.915435	0.126271
0.729284	0.341208
0.641776	0.372771
0.794915	0.220195
1.33017	-0.556133
0.909197	-0.312079
1.16879	-0.663439
1.20761	-0.751348
1.19157	-0.787352
1.18539	-0.865663
1.37163	-1.21375
1.47978	-1.46437
1.68566	-1.82194
1.85118	-2.01865
1.82804	-1.96327
1.98386	-1.92289
2.1569	-1.9942
1.8122	-1.46051
1.32066	-0.820531
1.173	-0.650189
1.09255	-0.494808
1.03132	-0.307575
1.39298	-1.00065
1.64807	-1.49363
1.52746	-1.22075
1.51403	-1.17857
1.33079	-0.944452
1.24095	-0.855384
1.18915	-0.870915
1.16841	-0.899696
1.10061	-0.830408
1.05463	-0.807574
1.0369	-0.808192
1.01062	-0.787441
0.941763	-0.76778
0.946773	-0.821201
0.972398	-0.904164
0.96981	-1.04349
1.36946	-1.48332
1.29038	-1.23053
0.046623	-0.229603
0.256984	-0.272206
0.387434	-0.252491
0.371694	0.198083
0.518937	0.167282
0.655123	0.211904
0.714931	0.10879
0.620717	0.151747
0.546273	0.438151
0.213114	0.11647
0.33598	0.269354
0.595312	0.310864
0.832938	0.877193
0.752303	0.461765
0.578029	0.566015
0.795602	0.354162
0.856063	0.524585
0.904671	0.489299
0.925472	0.578779
1.06976	0.680926
1.03622	0.89595
0.640754	0.30767
0.815407	0.463773
1.03546	0.638341
1.20515	0.832601
0.911728	0.497725
0.884103	0.483694
1.08702	0.461617
1.11961	0.16722
1.20226	0.192662
-0.0124239	-0.908811
-0.329069	-0.897873
-0.495479	-0.95428
-0.50155	-0.815801
-0.359078	-0.80096
-0.240388	-0.845935
-0.158164	-0.809773
-0.0285096	-0.933826
0.245474	-0.947031
0.379346	-0.804014
0.679433	-0.681724
0.896191	-0.675455
1.0901	-0.656596
1.17046	-0.638914
1.17638	-0.721106
1.13661	-0.861188
1.233	-1.1762
1.36419	-1.45141
1.07717	-1.09021
1.12637	-0.921605
1.32476	-0.977024
1.17003	-0.673029
1.5713	-0.706401
1.74025	-1.61278
1.8703	-1.80483
2.11813	-2.00254
2.47479	-2.43411
2.50535	-2.37715
2.52728	-2.35171
2.26983	-1.97785
2.08303	-1.75944
2.52993	-2.25594
2.04671	-1.60159
1.67611	-1.25182
1.6767	-1.15137
1.97071	-1.36944
1.48999	-0.641944
1.26214	-0.352907
1.47507	-0.665959
1.39777	-0.885269
0.907791	-0.167414
0.810395	0.0547952
0.849116	-0.51849
2.97112	-2.53984
3.22848	-2.55106
3.27457	-2.63878
2.63882	-1.90205
2.21142	-1.20358
2.78016	-2.53508
2.66792	-2.50832
1.88977	-1.28293
1.42391	-0.552348
1.91436	-1.20416
1.63385	-0.728629
1.55631	-0.687046
1.49037	-0.855095
1.88333	-1.7208
2.55832	-2.74499
3.23499	-3.81732
3.01342	-3.59947
2.7468	-3.23898
2.71569	-3.06544
1.58276	-1.18928
1.41308	-1.00484
1.53569	-1.11259
1.49348	-0.992093
1.41142	-0.847501
1.42376	-0.883435
1.37327	-0.83621
1.41407	-0.874278
1.57765	-1.10339
1.84012	-1.43153
2.08557	-1.75464
2.0379	-1.97614
2.4538	-2.63005
2.44825	-2.52083
2.63274	-2.67593
2.6791	-2.65755
2.37767	-1.85891
1.97941	-0.96441
1.89401	-0.754914
1.52893	-0.227134
1.8791	-0.702407
2.26445	-1.35163
2.58524	-2.02882
3.13131	-3.13269
2.7787	-2.4298
2.4678	-1.79414
2.48195	-1.96474
2.00688	-1.43813
2.07164	-1.5821
1.70298	-1.17725
2.23235	-1.99915
1.7685	-1.28392
1.98192	-1.72735
2.39046	-1.89369
2.50364	-2.06764
2.48079	-2.32047
2.20118	-2.20846
2.23099	-2.3509
2.48793	-2.43909
1.68001	-1.2565
1.26248	-0.841904
1.29934	-1.10216
0.828996	-1.00779
0.487977	-0.939594
0.808389	-1.50344
0.625934	-1.42375
0.470044	-1.45964
0.547686	-1.51442
0.694381	-1.65465
0.90084	-1.78137
0.962231	-1.77812
1.28495	-1.93999
1.57628	-2.06512
1.54705	-1.76569
1.47161	-1.4271
1.49139	-1.26701
1.2544	-0.811023
1.55249	-1.03356
1.40799	-0.834407
1.38223	-0.88721
1.42571	-0.975959
0.731331	-0.56713
0.927519	-0.825954
0.323536	-0.557422
0.611572	-0.0653726
0.93632	0.297905
1.0676	0.608946
0.899488	0.503898
0.761098	0.513353
0.643834	0.47479
1.31558	1.1711
1.14698	0.84751
0.994711	0.692091
0.957094	0.640894
0.451702	0.425696
0.458215	0.519553
0.437725	0.27773
0.564759	0.665077
0.701894	0.917947
0.677631	0.637445
0.615641	0.683894
0.307708	0.436659
0.378664	0.493337
0.564851	0.217492
0.450425	0.148392
0.666627	-0.118346
0.73442	-0.0340186
0.572724	0.347977
0.905927	-0.133812
0.573584	-0.191791
0.826541	-0.0167264
1.0655	-0.140152
0.899353	0.0818792
0.993039	-0.128892
0.906632	-0.233612
1.10495	-0.215112
0.737217	0.101394
0.867476	0.203858
0.837185	0.24465
0.830435	0.212667
0.774102	0.112506
0.75049	0.532001
0.871215	0.121859
0.81198	0.268397
0.784061	0.253052
1.01237	0.436935
1.14998	0.410334
0.556343	-0.34631
-0.251443	-0.952349
-0.435713	-1.05725
-0.519095	-1.03603
-0.54549	-0.956947
-0.561004	-0.980528
-0.528062	-0.997177
-0.423195	-0.99745
-0.278614	-1.04878
-0.0883132	-1.12609
0.444781	-1.22212
0.403973	-0.998769
0.642147	-0.91854
0.916079	-0.888009
1.13058	-0.916034
1.18158	-0.858029
1.08789	-0.73466
0.949922	-0.702348
0.717254	-0.584663
0.573085	-0.609862
0.340789	-0.411904
0.149195	-0.276759
0.210846	-0.442853
0.197439	-0.528812
0.0404531	-0.481466
-0.0736143	-0.459261
-0.274619	-0.395057
-0.289065	-0.428636
-0.266884	-0.494258
-0.203358	-0.554732
-0.0371606	-0.697747
0.357258	-0.872816
1.00973	-1.12799
1.44678	-1.21497
1.13427	-0.614816
1.08392	-0.40219
1.3548	-0.460365
1.49186	-0.72682
1.59581	-0.852403
1.42647	-0.917647
1.05767	-0.61053
1.12845	-0.866362
1.38374	-1.31638
1.65766	-1.81257
1.70181	-1.93695
1.25316	-1.43375
1.48593	-1.6546
1.8791	-2.04487
2.04587	-2.21919
1.05656	-0.945857
0.942824	-0.820497
1.21499	-1.072
1.00815	-0.823655
1.19767	-0.865086
1.13624	-0.679183
0.915522	-0.558105
0.901235	-0.52845
0.671074	-0.445601
1.68505	-1.49256
1.64754	-1.31013
1.59343	-1.13346
1.59671	-1.1038
1.55968	-1.07763
1.45772	-1.00084
1.40493	-1.04693
1.38021	-1.17346
1.4835	-1.39738
1.93906	-1.92528
1.80314	-1.8439
1.52458	-1.35841
1.43074	-1.1328
1.37849	-1.07305
1.47354	-1.30072
1.34016	-1.16152
1.45929	-1.45745
1.60676	-1.6267
1.38457	-1.44024
0.327877	-0.202966
0.357784	-0.0325602
0.789551	-0.461883
2.12052	-1.8731
2.33484	-2.16852
1.86938	-1.5546
1.73071	-1.41759
1.11119	-0.837404
1.1132	-1.00008
1.41937	-1.4801
2.08108	-2.3254
1.90743	-2.09006
1.5258	-1.57507
1.5607	-1.58239
1.5872	-1.45817
1.58033	-1.24274
1.74272	-1.34973
1.70327	-1.17822
1.85953	-1.35711
1.70042	-1.13104
1.69195	-1.15369
1.74574	-1.31354
1.61992	-1.25619
1.39219	-1.07921
1.05693	-0.764692
0.817745	-0.691207
0.691003	-0.841854
0.728641	-1.05042
1.03942	-1.19413
1.21757	-1.48109
0.660966	-1.18315
0.143441	-0.95878
-0.0414611	-0.900558
-0.10781	-0.795167
-0.183357	-0.782836
-0.221476	-0.747993
-0.344738	-0.755381
-0.38604	-0.785789
-0.27772	-0.751813
-0.141855	-0.84049
-0.119331	-0.940977
0.0658876	-0.859919
0.205723	-0.85009
0.297493	-0.760459
0.348444	-0.208761
0.524236	-0.0560504
0.691974	0.0714726
0.763652	-0.140558
1.7177	-1.13917
1.11516	-0.487445
1.00258	-0.383744
0.898242	-0.179982
1.00061	-0.454747
1.25696	-1.0004
1.52622	-1.48856
1.93871	-1.95776
2.19554	-1.995
2.21746	-1.921
1.17208	-0.845876
1.28686	-1.08164
1.03145	-0.835987
1.02597	-0.429333
0.978207	-0.392504
1.16724	-0.645683
1.09251	-0.552311
1.35913	-0.403686
1.32535	-0.265668
1.39336	-0.203931
1.75236	-0.524961
1.47389	-0.248859
1.58584	-0.448777
2.24651	-1.12773
1.83266	-0.545538
2.68466	-2.49402
2.53773	-2.62702
2.36264	-2.28545
2.23442	-2.17736
2.44372	-2.48413
2.42609	-2.50403
2.64224	-2.82894
2.86499	-3.14806
2.51003	-2.61971
1.60517	-1.19555
1.60079	-0.668704
1.02995	-0.647542
1.01524	-0.730263
0.866609	-0.495657
0.197203	-0.601691
1.3823	-1.08863
2.60788	-2.7792
2.09474	-2.11417
1.92358	-1.80968
1.77696	-1.3441
2.3492	-2.22595
1.78173	-1.49113
1.68583	-1.56095
1.40129	-1.24675
1.383	-1.35726
1.27158	-1.44825
1.27217	-1.57774
1.50491	-1.88863
1.39374	-1.43226
1.30746	-1.19329
1.22342	-0.926939
1.80809	-1.12184
1.95855	-0.936801
0.977792	0.481202
0.867838	0.734231
0.712267	0.542077
0.687206	0.469758
0.844006	0.700747
1.00061	0.743683
0.805635	0.55376
0.900011	0.333613
0.32109	0.204714
0.297713	0.241671
0.67945	0.0112133
0.692771	-0.0489939
0.619136	0.0858502
0.78052	-0.163505
0.588928	0.556045
0.123877	-0.0683431
1.1096	-1.02968
1.25845	-1.14389
1.75305	-1.76863
1.57255	-1.55272
1.11732	-1.10068
1.75849	-2.1029
2.54437	-3.17547
1.64688	-1.60312
0.486131	-0.223486
0.169426	-0.836009
0.356372	-1.30944
0.00160184	-1.16651
-0.131435	-1.03155
-0.319412	-0.949941
-0.318507	-0.912162
-0.204863	-0.919173
-0.154576	-0.875647
-0.0599798	-0.913003
0.160929	-0.959942
0.00695301	-0.74775
-0.0821815	-0.630235
0.134978	-0.465432
0.626923	-0.000754105
0.858222	0.193016
1.09683	0.3423
1.15474	0.404683
0.86506	0.0809821
0.842263	0.169537
0.701651	-0.0541816
0.698719	-0.0873274
0.912463	-0.509006
0.832089	-0.249234
0.850367	-0.300137
0.886527	0.421836
0.639161	-0.109559
0.29726	-0.398087
0.0660182	-0.987088
-0.0293994	-0.835588
-0.0840807	-0.859047
-0.147658	-0.844845
-0.13978	-0.858289
-0.115165	-0.909883
-0.0129324	-0.943421
0.123153	-0.930862
0.281332	-0.6295
0.40791	-0.811331
0.4207	-0.673194
0.881827	-0.81273
0.97037	-0.78266
1.7693	-1.73752
1.70671	-1.60844
2.21073	-2.41465
2.47945	-2.79297
2.5827	-2.96471
2.28389	-2.54717
2.40313	-2.70149
1.74761	-1.69387
1.6146	-1.45266
1.1162	-1.28662
0.87932	-1.2183
0.769582	-1.16691
0.878533	-1.32668
0.998996	-1.32732
1.34663	-1.46833
0.0090389	-0.271404
-0.241937	-0.276573
-0.0915845	-0.386077
0.130199	-0.177439
0.264021	-0.0310932
0.238699	-0.082172
0.653942	0.191441
0.948957	0.723426
0.85482	0.42068
0.814909	0.332524
0.940196	0.0202894
0.810363	-0.266684
0.69559	-0.196809
0.733192	-0.431776
0.644005	-0.364454
0.986202	-0.498111
1.82294	-0.813368
1.82363	-0.860994
1.80474	-1.29795
1.89654	-1.26525
1.36901	-0.860977
0.99118	-0.846973
2.10174	-2.34722
2.46371	-2.60172
1.86492	-2.00801
2.44213	-2.78051
2.27269	-2.41199
1.59004	-1.30943
1.46757	-0.97363
1.5757	-0.910221
1.68729	-0.817579
2.04671	-1.16199
2.36586	-1.66266
2.65716	-1.93718
2.71299	-2.2745
2.26228	-1.73162
2.2321	-1.71017
1.71698	-1.2172
1.64809	-1.04471
1.57105	-0.833398
1.71315	-0.840267
1.51849	-0.29815
1.94241	-0.949394
1.76943	-0.603902
1.94819	-0.596651
1.89778	-0.573632
1.90817	-0.571116
2.09465	-1.14632
1.59123	-0.711909
1.46289	-0.604055
1.60874	-0.98604
1.69834	-1.30358
2.04413	-1.95062
2.40764	-2.36962
0.829215	-0.51949
1.04518	-0.768474
0.691098	-0.199519
0.766744	-0.0924089
0.5348	0.220703
0.765445	-0.00473415
0.854789	-0.322566
0.627247	-0.158791
0.914144	-0.293638
0.985878	-0.220589
0.909751	-0.0797762
1.04974	-0.306289
0.971178	-0.336538
0.986146	-0.093296
0.972908	-0.105106
0.906052	-0.158321
1.02144	-0.571669
2.03611	-1.36228
2.21017	-2.04855
1.75651	-1.51661
1.72625	-1.38937
1.95777	-1.81187
2.33021	-2.22658
2.39238	-2.5009
2.27066	-2.45716
2.36675	-2.65953
1.94071	-2.18639
1.56914	-1.78093
1.75788	-1.90257
1.58498	-1.48658
1.10282	-1.00554
1.43749	-1.14141
1.41762	-0.96808
1.20022	-0.680175
1.3348	-0.987942
1.65124	-0.982222
1.97527	-1.27182
2.35927	-1.52434
2.28394	-1.42961
1.56113	-0.786467
1.79942	-0.930877
1.17115	-0.123082
1.08679	-0.434095
1.84846	-1.74964
2.64872	-2.72142
2.23827	-2.35383
2.31418	-2.41168
2.38599	-2.48382
2.57156	-2.58496
1.6456	-1.12013
1.20047	-0.557853
1.33608	-0.732823
1.57351	-0.899703
1.64153	-0.873672
1.56887	-0.681358
1.8951	-1.03421
2.18093	-1.3298
2.22787	-1.34843
2.44805	-1.76297
2.02986	-1.3083
1.6553	-0.26152
1.79864	-0.86423
1.4712	-0.80363
1.92073	-1.21256
1.71293	-0.953779
1.3513	-0.0590697
1.45241	0.203721
2.21435	-0.703749
2.29908	-1.35458
2.20129	-1.37333
1.82495	-1.00287
1.82059	-1.02033
1.9641	-1.42071
1.86632	-1.50039
1.78449	-1.41677
1.68508	-0.925693
1.80089	-0.947488
1.90498	-0.97018
1.09164	-0.316524
1.27809	-0.549652
1.48049	-0.737169
1.5025	-0.772002
1.1629	-0.550977
1.48412	-1.00054
1.33573	-1.04168
1.17581	-0.476234
0.591521	-0.412307
0.493801	-0.146862
0.914112	-0.849887
1.83931	-1.81734
2.09321	-2.09488
1.93148	-1.74596
2.10615	-1.8786
1.8438	-1.49246
1.19096	-1.07866
0.878512	-0.499478
0.924465	0.0741673
0.8508	0.364671
1.06978	0.625911
1.15425	0.459156
0.96743	0.385106
0.86931	0.141
1.04507	0.466682
1.09003	0.203144
1.00059	0.103167
1.11859	-0.599473
1.99984	-1.02601
2.15343	-1.10444
1.7076	-0.615041
1.4829	-0.322167
1.57568	-0.464985
1.56262	-0.260818
1.64954	-0.212418
1.83542	-0.481324
1.89366	-0.928073
1.95617	-1.22093
1.77983	-1.01649
1.85692	-0.683727
1.96673	-0.931179
1.59506	-0.311333
1.5102	-0.271681
1.46658	-0.0614161
1.26251	0.0722261
1.26199	0.13197
1.15528	0.383338
1.34537	0.189687
1.45883	0.0783817
1.645	-0.27146
1.64858	-0.180653
1.83302	-0.532999
1.96526	-0.716278
1.93342	-0.767364
2.27056	-1.22207
2.11672	-1.21659
2.33518	-1.53758
2.15515	-1.44515
1.57081	-1.02997
1.36673	-1.15308
1.52139	-1.00034
1.33544	-1.11731
0.948781	-0.923663
1.43111	-1.14583
1.72401	-1.31935
1.39228	-0.946997
1.29903	-0.933143
1.32743	-1.07746
1.29667	-1.12436
1.44816	-1.36397
1.49853	-1.348
1.00542	-0.792989
1.14367	-0.773199
1.31313	-1.01246
1.29139	-1.00531
0.928202	-0.523365
0.555507	-0.112958
0.676446	0.11248
1.00225	-1.266
1.55289	-1.82615
1.51018	-1.76456
1.53915	-1.8011
1.72828	-2.06191
1.83492	-2.19826
1.7144	-2.06015
1.85892	-2.219
1.71341	-1.95935
1.88389	-2.05705
1.99449	-2.07196
2.23533	-2.24883
2.28444	-1.74675
2.27806	-1.93001
2.08834	-1.87619
2.0233	-1.95987
1.91267	-1.6838
1.90603	-1.65247
2.0992	-2.0347
2.09606	-2.02431
1.73381	-1.65067
1.73146	-1.79217
1.85976	-1.97353
1.40926	-1.37575
1.79032	-1.77825
1.06495	-1.22151
-0.0584399	-0.442883
-0.0202432	-0.542623
0.57501	0.262307
-0.185181	-0.206712
0.1813	-0.0287699
0.536807	0.394017
1.05715	0.897307
0.888651	1.00573
1.32236	1.11334
1.25918	1.09801
1.31463	1.30084
0.696833	0.555191
0.06089	-0.171743
0.602766	0.472002
0.476964	0.534946
0.534042	0.649379
0.689979	-0.135373
0.718949	-0.203851
0.505272	0.0513899
0.572899	-0.018643
0.670425	-0.147729
0.652617	-0.0212556
0.700633	-0.103091
0.784609	-0.276804
0.791958	-0.215203
0.787576	-0.197468
0.539445	-0.101284
0.861531	-0.129438
1.24189	-0.592509
1.84644	-1.51694
2.59869	-2.10598
2.79011	-2.08378
1.85391	-1.50218
2.67458	-2.73063
2.73975	-2.94754
2.5695	-2.70435
2.56924	-2.71384
2.40723	-2.55891
2.79313	-3.19795
3.01457	-3.56709
2.87238	-3.44162
2.90875	-3.52047
2.6662	-3.10173
2.74225	-3.17091
3.04837	-3.52887
3.03022	-3.34746
2.78565	-3.02735
2.07608	-2.22017
2.24849	-2.27129
1.9191	-1.62006
1.39105	-0.778499
1.21424	-0.443935
1.42441	-0.612312
1.58352	-0.621881
1.33438	-0.188787
1.2425	-0.00277522
1.33705	0.0271378
0.930171	0.206518
1.45188	-0.389076
1.70123	-1.12427
1.49819	-0.931973
1.80425	-1.32574
1.78201	-1.18828
1.81965	-1.17932
1.89797	-1.23453
1.98305	-1.28844
1.90415	-1.15217
1.95685	-1.25392
1.944	-1.27836
2.08045	-1.56172
2.03572	-1.63042
2.18312	-1.91849
2.02067	-1.79363
2.00861	-1.7373
1.38943	-1.19283
1.43905	-1.14391
1.43797	-1.13082
0.989896	-0.85511
0.536359	-0.671417
0.264024	-0.716636
0.325698	-0.795638
0.307546	-0.824631
0.191486	-0.83276
0.130741	-0.849633
0.163478	-0.873595
0.307707	-0.942908
0.660726	-1.16911
1.06958	-1.0922
0.896789	-0.881549
0.80769	-0.667265
1.11062	-0.411245
0.927701	-0.378274
0.888214	-0.289015
0.920071	-0.558921
0.4521	0.142843
0.776819	-0.448609
1.27012	-1.52011
1.98505	-2.40521
1.19055	-1.4113
1.67934	-1.94336
1.98508	-2.24117
1.79569	-2.0022
1.70103	-1.83698
1.84999	-2.00367
2.02866	-2.24235
2.01797	-2.1696
1.91419	-1.88398
2.12675	-2.0895
1.51121	-1.36725
1.31849	-1.23248
1.24673	-1.09472
1.45043	-1.21087
1.9355	-1.87282
1.70125	-1.70003
1.70641	-1.64165
1.73943	-1.49235
1.8563	-1.63062
1.76711	-1.52837
1.5669	-1.40024
1.56066	-1.60482
1.20818	-1.55336
0.791906	-1.4168
0.435911	-1.28509
0.0963174	-1.11296
-0.133623	-0.897728
-0.197659	-0.804042
-0.1954	-0.795529
-0.0674772	-0.807954
0.042671	-0.883021
0.2237	-0.990236
0.526083	-1.11144
0.955641	-1.28508
1.41561	-1.45731
1.48808	-1.39511
1.15127	-1.09941
0.646924	-0.782556
0.388144	-0.531506
1.37556	-1.25323
1.5467	-1.4081
1.68398	-1.43887
1.6368	-1.28834
1.60231	-1.10445
1.81827	-1.20859
2.06725	-1.39965
1.92891	-1.17119
1.59725	-0.636629
1.94871	-1.22224
1.06792	-0.160019
0.986299	-0.451889
1.28514	-0.853167
1.0285	-0.612965
1.0221	-0.299798
1.14025	-0.433307
1.04734	-0.374554
0.920134	-0.230052
0.830907	-0.646321
1.50221	-0.896006
1.71319	-1.35644
1.79365	-1.57664
2.07671	-2.11435
2.39886	-2.66619
2.33642	-2.5466
1.12651	-1.51245
1.39795	-1.5855
0.873931	-0.858505
0.875237	-1.02997
1.5944	-1.84288
1.63759	-2.06956
1.2162	-1.68841
0.933768	-1.42986
1.45235	-2.12415
1.47708	-2.07594
1.36471	-2.00906
0.745712	-1.3482
0.785764	-1.43315
0.716548	-1.1486
1.15037	-1.30632
1.63298	-1.45415
1.82913	-1.43147
1.56156	-0.899158
1.91183	-1.18407
1.68601	-0.867204
1.61501	-0.746492
1.30706	-0.606886
1.10636	-0.823534
0.76753	-0.792005
0.530655	-0.92447
0.287984	-0.976101
0.0250591	-0.993315
-0.104237	-1.00928
-0.413448	-0.794137
-0.437899	-0.797373
-0.371855	-0.764745
-0.345043	-0.896394
-0.389347	-0.950275
-0.263857	-0.956658
-0.410325	-1.15054
-0.223922	-1.137
0.0985657	-1.06663
0.511454	-1.09703
0.17136	-0.56144
0.2033	-0.0489906
0.47795	0.142291
0.406049	-0.022291
0.318974	-0.103559
0.532242	0.0309678
0.657781	0.343916
0.826773	0.414988
0.843809	0.351825
0.685513	-0.0250149
0.927414	0.4236
0.806403	0.366972
0.920015	0.337992
0.655779	-0.395702
0.418317	-0.289588
0.717826	0.0229259
0.690186	0.0926293
0.544586	-0.227653
1.02092	-0.202436
1.01729	0.246739
1.04836	0.391122
1.32791	0.471241
1.08706	0.250697
0.891177	0.055857
0.972116	-0.299327
1.11474	-0.645555
1.0471	-0.0596407
0.989727	-0.184947
0.873822	0.0864533
0.841141	-0.163995
0.960589	-0.0610774
0.906646	-0.0326944
0.943122	-0.107512
0.833367	-0.00672863
0.755032	-0.039379
0.602943	-0.0553003
0.640881	0.0301748
0.749212	-0.137631
0.798173	0.0474867
0.81465	-0.181053
0.708773	-0.42952
1.46506	-2.05322
1.08129	-1.70408
0.845751	-1.40356
0.685605	-1.19921
0.66388	-1.10567
0.907332	-1.27848
1.9969	-2.29159
2.54169	-3.03897
2.09455	-2.62324
2.07516	-2.56327
1.87523	-2.27595
0.456893	-1.13442
-0.181403	-1.00443
-0.400989	-0.895358
-0.492312	-0.881525
-0.471472	-0.887105
-0.407654	-0.931823
-0.285104	-0.994371
0.0495225	-1.11447
0.449168	-1.13928
0.977907	-1.31545
1.34881	-1.47656
1.1676	-1.08625
0.989773	-0.891547
1.05271	-0.896048
1.15895	-1.05052
1.4268	-1.47994
1.48692	-1.60904
1.30547	-1.38283
1.26433	-1.31037
1.17821	-1.14745
1.16639	-1.06361
1.20936	-1.07282
1.04952	-0.912596
0.926075	-0.809749
0.891802	-0.755443
0.901078	-0.847803
0.928898	-0.950895
1.02827	-1.31776
1.28454	-1.55653
0.861681	-0.921698
1.05047	-0.944286
0.62421	-0.394435
0.523036	0.0429483
0.273248	0.0747459
0.295889	0.108934
0.597967	0.178835
0.569231	0.333382
0.845636	0.409441
0.701548	0.237736
0.733335	0.634419
0.655046	0.373919
0.756089	0.330358
0.641782	0.338634
0.543512	0.381868
0.64808	0.342929
0.765709	0.511033
0.646995	0.361428
0.726852	0.707358
0.448035	0.408919
0.438	0.127888
1.03468	-0.421049
0.924402	-0.16582
0.671037	-0.00875078
0.720657	-0.0710571
1.02764	-0.259228
1.52585	-0.0931467
1.37076	-0.944342
1.40348	-1.74535
1.49592	-1.60278
1.85446	-1.83767
2.16684	-2.06935
2.30256	-2.15238
2.00617	-1.65074
1.83688	-1.43754
1.61403	-1.1973
1.34215	-0.962296
0.948665	-0.638431
0.596775	-0.423498
0.424763	-0.38291
1.59779	-1.58272
1.48347	-1.56671
1.58109	-1.56664
1.43628	-1.38192
1.58434	-1.48707
1.37818	-1.24641
1.6433	-1.40236
1.76281	-1.59001
1.64613	-1.32093
0.8852	-0.745289
0.394868	-0.546497
0.204718	-0.405785
0.261815	-0.238527
0.171947	-0.471406
0.277222	-0.586487
0.561477	-0.898542
0.941391	-1.22834
0.941576	-1.15067
0.862053	-1.00397
0.882107	-0.984393
1.01028	-1.03134
1.00506	-0.988627
0.902399	-0.859272
0.899562	-0.936229
1.21911	-1.29151
1.26922	-1.24419
0.511711	-0.845513
0.617144	-0.555931
1.1049	-0.936289
1.39627	-1.04622
1.60606	-1.17586
1.62165	-1.21352
1.61164	-1.10511
1.49689	-0.75458
1.04964	-0.205464
1.24801	-0.515547
1.12326	-0.412613
0.694426	0.0590309
0.677771	0.136593
1.42034	-0.211186
1.86281	-0.843339
2.03716	-1.18868
1.84723	-0.934448
1.78668	-0.970136
1.78681	-0.981135
1.68029	-1.30203
2.10066	-2.10658
2.04873	-2.1026
1.97291	-1.9789
1.91589	-2.07181
2.04247	-2.23799
2.34788	-2.72673
2.34072	-2.69822
2.3579	-2.74786
2.21508	-2.57535
2.20266	-2.46507
1.77927	-1.67469
2.47138	-2.64146
2.22216	-2.18841
1.34915	-0.955126
0.585297	-0.593986
1.54429	-1.51057
1.76291	-1.72327
1.72604	-1.81998
1.50472	-1.63097
1.30038	-1.44194
1.17023	-1.34536
0.989269	-1.18626
0.677545	-1.01004
0.452259	-0.964266
0.12488	-0.879891
0.096196	-0.980409
0.362471	-1.27062
0.093671	-1.05574
0.16077	-1.03312
0.859374	-1.53459
1.98059	-1.86321
2.21421	-1.83201
2.39359	-2.34749
2.45596	-2.52217
1.66435	-1.69713
1.25918	-1.06689
0.579206	-0.612029
0.667874	-0.575178
0.843231	-0.447044
1.37874	-0.918478
1.4267	-1.00147
1.56913	-1.29701
1.77593	-1.63561
1.93444	-1.91253
1.24219	-0.992094
0.388748	-0.287493
0.131664	-0.349175
0.27385	-0.547619
0.459408	-0.644132
0.400639	-0.489605
0.525987	-0.615638
0.434697	-0.583629
0.322808	-0.508675
0.617289	-0.548111
0.562636	-0.569452
0.29774	-0.570953
0.416307	-0.401514
1.82802	-1.80859
2.29067	-2.64108
1.91571	-2.1323
1.78858	-1.93695
1.85986	-2.0559
1.7623	-1.97385
1.67671	-1.86656
1.54378	-1.71495
1.2141	-1.13234
0.388005	-0.36678
0.460791	-0.603757
0.750398	-1.04935
0.357194	-0.7447
0.378167	-0.822187
0.947161	-1.46664
0.519365	-0.962046
0.293228	-0.773315
-0.0411563	-0.784785
0.0204634	-0.675401
0.0540057	-0.793175
0.0152504	-0.712069
0.106917	-0.94874
-0.0577051	-0.689485
-0.0580229	-0.782952
0.0230389	-1.02221
0.21141	-0.942865
0.892698	-1.35058
1.0911	-1.74687
1.27958	-1.8568
1.23184	-1.6227
1.08943	-1.18761
1.16498	-1.29467
1.37705	-1.51292
1.20355	-1.25758
1.14318	-1.13598
1.03942	-0.928947
0.865551	-0.806421
0.887384	-0.758956
1.00991	-0.977565
1.32465	-1.18297
2.0765	-1.94721
2.35353	-2.52111
1.89844	-1.87287
1.77351	-1.79631
1.71015	-1.65428
1.63427	-1.79122
1.68986	-1.70942
1.26083	-1.1299
1.06629	-1.08991
1.05084	-1.10842
1.22643	-1.15351
0.965221	-0.683809
1.06011	-0.52009
0.91577	-0.150443
0.742653	-0.00999958
0.706065	0.000641501
0.915752	-0.264824
0.71617	-0.133644
0.932678	-0.271353
1.01771	-0.123705
1.15543	-0.601757
0.901505	-0.795914
1.01212	-1.01186
0.752565	-0.915059
0.423702	-0.784598
0.130916	-0.428826
0.583864	0.128518
0.654548	0.0194465
0.675368	0.210011
1.05052	0.352854
1.09511	0.562808
1.0847	0.309248
1.07439	0.534186
0.657957	0.0816875
0.637581	0.292921
0.833817	-0.813254
1.81503	-2.23344
1.73379	-2.21531
1.3777	-1.75367
1.20742	-1.51703
1.17084	-1.38732
1.17672	-1.33564
1.17545	-1.30731
1.29509	-1.47144
1.49148	-1.70228
1.37623	-1.69186
1.43509	-1.72419
0.867077	-1.15552
0.251273	-0.300021
0.446391	-0.397333
0.749845	0.0447988
0.592204	0.0401199
0.555223	-0.0797447
0.868557	0.0444184
0.765094	0.132999
0.898014	0.306791
0.890961	0.81456
0.835766	0.672548
0.979725	0.356114
0.597445	0.0996711
0.6346	-0.0695375
0.607962	-0.132886
0.888751	-0.412221
0.946147	-0.385146
0.918263	-0.385959
0.827258	-0.517469
0.695443	-0.175424
0.767546	0.249572
0.620392	-0.455254
2.26335	-1.75536
2.22349	-1.70627
1.94867	-1.43935
2.12449	-1.84161
1.97824	-1.6588
1.69029	-1.25859
1.65469	-1.29703
1.44468	-1.28659
1.41379	-1.15731
1.44753	-1.12235
1.60139	-1.27831
1.65131	-1.34696
1.32764	-0.935857
1.20917	-0.638997
1.33142	-0.458212
1.27394	-0.413264
1.19104	-0.316652
1.00982	-0.131311
1.03709	0.0157507
0.983682	0.103498
1.33378	-0.480803
1.29452	-0.41688
1.10184	-0.117763
1.02986	-0.174939
1.43909	-0.532163
1.45633	-0.647336
1.46192	-0.735497
1.83998	-1.20007
2.39927	-2.02007
2.39915	-2.05875
1.80136	-1.26317
1.35709	-0.684102
1.38972	-0.670821
1.07229	-0.164075
0.918121	-0.107213
0.468177	0.233543
0.480011	0.27538
0.844588	0.0971543
1.02063	-0.107466
0.836404	0.101009
0.821213	0.189552
0.291275	0.332561
0.820245	-0.0282465
1.40657	-0.893092
1.52604	-1.29945
1.6672	-1.5932
2.21008	-2.46009
2.66137	-2.56359
2.39279	-2.04319
2.71752	-2.57006
2.81068	-2.5971
2.95531	-2.67114
3.25447	-2.84487
3.39711	-3.75063
1.82735	-1.83232
1.00188	-0.646181
0.584911	0.0431144
0.84929	-0.053403
0.90463	-0.158925
0.726416	-0.0674561
0.823879	-0.223972
0.614148	-0.214291
0.656415	-0.518032
0.527548	-0.568479
0.543217	-0.833074
0.346158	-0.777892
0.329506	-0.791793
0.185854	-0.720497
0.17524	-0.726863
0.430148	-0.74285
0.549226	-0.474214
0.553574	-0.360303
0.62628	-0.341157
0.656379	-0.346994
0.316871	-0.611802
-0.00430099	-0.505385
-0.0927658	-0.598625
-0.189683	-0.766176
-0.246224	-0.700849
-0.213373	-0.702789
-0.314896	-0.696838
-0.512801	-0.867372
-0.415789	-0.894104
-0.4203	-0.867863
-0.224677	-0.920627
-0.0591425	-0.924644
0.059584	-0.956622
0.24383	-0.94226
0.453048	-0.915444
1.02997	-1.07918
1.28947	-1.15796
1.68994	-1.47012
1.60491	-1.23671
1.72998	-1.3304
1.7746	-1.28099
1.28375	-0.681413
1.52023	-0.945493
1.46896	-1.06227
1.24805	-0.85161
1.56033	-1.21184
1.25948	-0.839657
0.940471	-0.45378
1.11111	-0.607274
0.954156	-0.333106
0.807949	-0.55609
0.878301	-0.364403
0.772379	0.19334
0.970512	0.117387
0.642006	-0.563941
2.37271	-2.00596
2.83538	-2.44601
2.69729	-2.83152
2.39191	-2.5743
2.21384	-2.21204
1.96926	-1.72282
2.16439	-1.89266
1.94577	-1.58433
1.75597	-1.27185
1.75099	-1.23017
1.5198	-0.988462
1.53475	-1.00795
1.07513	-0.426028
0.721333	-0.235911
0.955281	-0.30988
1.30496	-0.773375
1.33572	-0.854544
1.23388	-0.581953
1.20615	-0.797573
1.1549	-0.575675
1.15427	-0.64609
1.38504	-1.06069
1.19942	-0.784883
1.02092	-0.286287
0.538902	-0.608684
0.438885	-0.51653
0.615902	-0.530645
1.1602	-1.09444
1.54358	-1.36295
1.33041	-0.923791
1.44235	-1.03656
1.28472	-0.782983
1.35526	-0.78379
1.4094	-0.806597
1.37555	-0.767786
1.62535	-1.07378
1.47439	-0.963324
0.787792	-0.504813
0.87933	-1.10504
0.669247	-1.26928
1.46623	-1.69193
1.10953	-1.6771
0.475081	-1.26407
0.160162	-1.12606
0.124295	-1.10406
0.112777	-1.08489
0.457414	-1.23536
1.14477	-1.34633
1.86534	-1.76369
2.58102	-2.71812
2.46256	-2.73677
2.40006	-2.57213
2.54201	-2.86266
2.48922	-2.8092
2.4802	-2.82601
2.39571	-2.74617
2.35255	-2.7199
2.22662	-2.5634
2.4292	-2.75082
2.283	-2.52852
2.11204	-2.2627
2.07283	-2.25347
1.72571	-1.66949
1.4357	-1.39672
1.77581	-1.76266
1.71114	-1.54321
1.92107	-1.85503
1.79228	-1.81083
1.67738	-1.75407
1.57488	-1.60962
1.44125	-1.42691
1.31773	-1.23983
1.32362	-1.24839
1.18187	-1.12271
1.03017	-1.03202
0.829512	-0.943197
0.706571	-0.988215
0.750759	-1.20692
1.1853	-1.58477
2.1325	-2.34785
2.02998	-2.15284
1.69243	-1.7841
1.87684	-1.93568
1.83235	-1.89816
1.77306	-1.78899
1.82149	-1.88388
2.00646	-2.10577
1.93673	-2.03651
2.14139	-2.24091
2.0537	-2.09074
1.92141	-1.97614
2.19251	-2.27938
2.41324	-2.39732
2.22248	-2.1565
2.34755	-2.31221
2.18329	-2.02232
2.44571	-2.35265
2.53164	-2.42285
2.71063	-2.62759
2.59036	-2.32137
2.26351	-1.72427
2.05618	-1.44598
1.84301	-1.31955
2.11892	-1.66182
2.55919	-2.37183
1.95864	-1.74306
1.76666	-1.47913
1.85964	-1.55936
1.54107	-1.17202
1.35141	-0.830859
1.36982	-0.893696
0.939857	-0.577566
0.926782	-0.306343
0.966532	-0.493755
0.876514	-0.527992
0.975978	-0.658129
0.944086	-0.477376
0.68627	-0.315514
0.759869	-0.304678
1.51544	-0.427105
1.85106	-1.25812
1.59914	-1.11929
1.82726	-1.46455
1.94131	-1.59037
1.69729	-1.25184
1.40297	-0.97752
0.558327	-0.650477
0.443932	-0.532478
0.664251	-0.0430195
0.799452	0.022574
1.04051	0.351545
0.984886	0.276133
1.10018	0.37736
1.19864	0.792799
0.815033	0.403556
0.690904	-0.0341048
0.792555	-0.0790915
1.04277	-0.32726
1.04112	-0.440255
0.901437	-0.112221
0.881365	-0.161341
0.77161	-0.271772
0.739798	0.135861
0.492281	-0.38331
1.87144	-1.51655
1.86064	-1.47022
1.6224	-1.06108
1.52725	-0.866649
1.42884	-0.708952
1.38634	-0.667015
1.29654	-0.58795
1.29321	-0.659171
1.36954	-0.914708
1.41425	-1.11094
1.37016	-1.20403
1.38611	-1.12788
1.44065	-1.1618
1.29358	-1.08342
1.17931	-0.884901
1.26456	-0.817935
1.30581	-0.917847
1.38917	-1.15402
1.08071	-0.795234
1.22379	-1.04433
1.09193	-0.900347
1.23305	-1.0205
1.21043	-0.956476
1.1268	-0.950357
1.47884	-1.04679
1.58002	-1.15019
1.34885	-0.770372
1.08566	-0.818893
1.24769	-1.33355
0.673988	-1.13498
0.0604251	-0.78568
-0.0709753	-0.686313
0.0644188	-0.668005
0.354262	-0.887416
0.802486	-1.28742
1.07105	-1.42961
0.591007	-0.836302
0.65651	-0.883497
0.636695	-0.803762
0.884057	-0.880719
1.09613	-0.910584
1.74866	-1.74774
1.60817	-1.57613
1.49618	-1.45008
1.52528	-1.4252
1.98845	-1.83941
2.19121	-1.97087
2.5386	-2.35098
2.1746	-1.71059
1.8242	-1.50205
1.34316	-1.02749
1.48173	-1.07921
1.1457	-0.736534
0.570077	-0.0672239
0.797643	0.00965989
1.07556	-0.79828
1.6167	-1.3666
2.01649	-1.95424
2.79165	-3.1239
1.56449	-1.36112
1.57908	-1.55428
1.88316	-2.00142
1.57451	-1.58055
1.61962	-1.67297
1.57588	-1.61758
1.30623	-1.40023
1.47523	-1.59177
0.943251	-1.11448
0.421176	-0.800191
0.284722	-0.550994
0.329346	-0.198176
0.508253	-0.189081
0.579079	-0.33913
0.890778	0.223341
0.907383	0.164263
0.610867	0.0092423
0.162315	-1.09688
0.0568143	-1.12937
0.162609	-0.963957
-0.0369607	-0.962355
-0.0819548	-1.05622
-0.115048	-1.1592
0.0552931	-1.1863
0.18318	-1.33768
0.380114	-1.30648
0.54111	-1.30953
0.749377	-1.24614
0.883039	-1.43103
1.09005	-1.48471
0.77958	-1.23291
1.29457	-1.54856
1.53361	-1.74854
1.56056	-1.72515
1.84563	-2.11955
1.60885	-1.98122
1.38564	-1.7648
1.14866	-1.4938
1.11703	-1.49851
0.913398	-1.31036
0.920429	-1.28565
0.968671	-1.19393
0.900828	-0.987567
0.834349	-0.786348
0.82063	-0.73973
1.34942	-1.26764
2.27418	-2.55404
1.90204	-2.14995
1.98044	-2.32451
2.15395	-2.50654
2.28746	-2.51771
2.38175	-2.60889
2.83071	-3.19535
2.64718	-2.79273
2.43967	-2.414
2.53988	-2.6188
2.19312	-2.26416
2.12615	-2.21981
1.77095	-1.68118
1.76219	-1.30634
1.78223	-1.26242
1.52766	-1.28139
1.14345	-0.866041
0.77207	-0.416243
0.914341	-0.246065
0.805026	-0.302018
0.895852	-0.452496
1.08903	-0.411146
0.684896	-0.177166
0.822793	-0.403719
1.1016	-0.493725
0.939255	-0.146372
1.09339	-0.444671
0.692531	-0.141768
0.865172	-0.026392
0.820493	-0.206206
1.12257	-0.598095
1.02477	-0.351407
0.908288	-0.240715
0.933151	-0.421638
0.996022	-0.199855
0.5605	0.13144
0.626736	0.200789
0.808475	-0.0174736
0.843699	-0.225502
0.709973	0.20317
0.810517	-0.0601849
0.847794	0.0818386
1.0504	-0.295431
1.05937	-0.308029
0.934256	-0.1731
0.797399	-0.604773
0.431018	-0.325691
0.846482	0.0837455
0.82068	0.0669796
0.907004	0.182074
0.785235	0.127232
0.94769	0.373724
1.11667	0.530813
1.06974	0.130431
1.05475	0.148809
0.621288	-0.508882
1.6742	-1.81317
1.55439	-1.62133
1.5456	-1.66176
1.5607	-1.68047
1.30218	-1.40346
1.14366	-1.29792
1.032	-1.26073
1.04601	-1.30471
1.32162	-1.64759
1.59225	-1.79602
1.49152	-1.42429
1.28922	-1.32403
1.21364	-1.23057
1.33733	-1.41968
1.0808	-0.998129
1.15488	-1.04995
1.39053	-1.45023
1.13023	-1.05688
0.373773	-0.258227
0.299894	-0.379363
0.252018	-0.623132
0.198296	-0.46453
1.24954	-1.49438
1.87924	-2.1509
1.98609	-2.18997
1.87696	-1.97116
2.36993	-2.54198
2.39256	-2.4946
2.33404	-2.2945
2.31844	-2.15423
2.18395	-1.92292
1.74031	-1.23217
1.42971	-0.84805
1.44704	-0.864678
1.30107	-0.887915
0.980098	-0.784424
0.852446	-0.724976
0.819171	-0.722291
1.10536	-0.975653
1.77936	-1.84106
1.98763	-2.08777
2.22967	-2.45563
2.3692	-2.59375
1.70228	-1.46284
1.54847	-1.17187
1.85625	-1.71273
2.19196	-2.19131
1.8654	-1.68768
1.29073	-1.02324
0.700232	-0.463624
1.0353	-0.528087
1.24648	-0.794919
0.338765	-0.339977
0.803414	-0.519476
0.209819	-0.219648
0.522259	0.107
0.679422	0.528254
0.869581	0.38781
0.576465	0.123515
0.753295	0.0228041
0.657501	0.15812
0.872181	0.0691866
0.77888	0.036536
0.730747	-0.169796
0.523171	-0.268877
0.560148	-0.487312
0.540351	-0.439002
0.48115	-0.413797
0.601635	-0.431231
0.806278	-0.224017
0.896913	-0.000795279
0.973249	-0.0753422
0.891767	-0.263443
0.723607	0.133069
0.820734	-0.134482
0.756886	0.0117843
0.715595	-0.0739849
1.03227	-0.110286
0.765759	-0.0960163
-0.554771	-0.437708
-0.873737	-0.762793
-0.810948	-0.618371
-0.739631	-0.446989
-0.254419	-0.67239
0.605623	-1.20816
2.23587	-2.28764
2.06055	-2.02079
2.34123	-2.48982
2.40409	-2.5706
2.32587	-2.45289
2.6064	-2.7363
3.13713	-3.34139
1.78101	-1.33733
1.97893	-1.52187
1.57407	-1.08151
0.882599	-0.723375
0.82523	-0.59065
0.938358	-0.683105
0.842012	-0.419619
0.684367	0.0474635
0.610002	-0.138834
1.49487	-0.939407
2.13411	-1.35378
1.73244	-0.815265
1.72334	-1.02601
1.71386	-1.06894
2.07708	-1.45878
2.40269	-1.89823
2.25706	-1.65944
2.1502	-1.58862
1.59923	-0.889254
1.46066	-0.807381
1.17721	-0.819176
0.463141	-0.199256
-0.0804533	-0.0258173
0.146976	0.266706
0.130758	0.248097
0.346285	0.266456
0.37208	0.465554
0.288403	0.226282
0.282059	0.528576
0.566314	0.57413
0.554177	0.592767
0.628673	0.75956
0.541812	0.5592
0.799309	0.850701
0.540044	0.336906
0.697148	0.703493
-0.116332	0.0955756
1.1583	-0.468335
1.28774	-0.371591
1.75218	-1.2845
1.62035	-1.08231
2.09725	-1.63143
1.76133	-1.09392
1.86529	-1.21368
1.45091	-0.724594
1.71609	-1.15739
1.92511	-1.39887
1.91631	-1.35838
2.55662	-2.25225
3.55589	-3.60899
3.46884	-2.93939
2.8641	-2.51009
2.14668	-1.78539
1.62497	-1.17679
1.27057	-0.733118
1.30494	-0.776662
1.44042	-0.894017
1.57191	-1.10475
1.35518	-0.870084
1.03387	-0.446044
0.764218	-0.135505
0.692429	-0.109018
0.620915	-0.0792195
0.654963	-0.238109
0.736737	-0.510291
1.03655	-0.982194
1.33961	-1.25367
1.15997	-0.999663
1.20766	-0.860214
0.94595	-0.378216
0.821001	-0.145226
0.858981	-0.229715
0.651324	-0.0150413
0.477259	0.122204
0.587339	0.0742608
0.596415	0.0627034
0.485694	0.121655
0.608443	-0.0883404
0.647699	-0.174395
0.569488	-0.191249
0.555105	-0.246644
0.663121	-0.378985
0.995353	-0.824097
1.32997	-1.2609
1.28771	-1.10784
1.16811	-0.844938
0.985972	-0.429746
1.30338	-0.733178
1.27507	-0.623036
1.63347	-1.09419
2.27523	-1.85477
2.81287	-2.39248
2.84409	-2.4536
2.61716	-2.34561
2.31844	-2.2865
2.18864	-2.07599
2.011	-1.80796
1.99136	-1.64751
1.8776	-1.71439
2.20512	-2.0945
1.73708	-1.53339
1.48091	-1.27174
0.861469	-0.728602
0.694977	-0.195674
0.794223	-0.122232
0.889654	-0.0478723
0.587856	0.0525567
0.798459	0.333237
0.789161	0.221079
1.04782	0.274682
1.02185	0.173197
0.957668	-0.367068
1.54454	-1.51359
2.03048	-1.91914
1.77009	-1.92335
1.48104	-1.73272
1.07008	-1.35933
0.532523	-0.987902
0.511483	-1.10501
0.226839	-0.948143
-0.0969916	-0.789517
-0.168082	-0.7091
-0.337064	-0.666801
-0.227499	-0.824724
-0.0878061	-0.531312
0.00193277	-0.530176
-0.248306	-0.552206
-0.106366	-0.643552
-0.127871	-0.650472
-0.0807497	-0.715991
-0.207825	-0.91132
-0.270283	-0.843277
-0.155421	-0.82465
-0.286065	-0.728471
-0.340866	-0.688813
-0.445292	-0.66309
-0.481657	-0.777924
-0.339475	-0.71233
-0.354601	-0.857661
-0.0990123	-1.01512
0.120354	-1.22585
0.530982	-1.3544
0.934881	-0.917928
0.528837	-0.480751
0.764464	-0.566641
0.986555	-0.611336
0.980199	-0.387386
0.833861	-0.267322
1.03038	-0.440233
0.972093	-0.351765
1.14548	-0.700297
0.960897	-0.348112
0.806089	-0.230035
0.53039	0.188997
0.692758	-0.0559113
0.645239	-0.00271573
0.969615	-0.354565
0.942274	-0.193147
0.759171	0.0189945
0.682548	-0.00742267
0.823437	-0.0658489
0.696982	0.105742
1.41653	-0.794283
1.4473	-0.782615
1.55865	-0.877167
1.73675	-1.06535
1.76861	-0.594102
1.52926	-0.363809
1.28189	-0.489715
0.26492	0.292206
-0.564467	0.440508
-0.0570719	-0.0429608
0.425936	-0.0416297
0.777618	-0.0757273
0.745387	0.1399
0.61126	-0.00551611
0.508852	-0.00146841
0.533882	-0.0336535
0.741822	0.216779
0.765875	0.26841
0.815232	0.293453
0.914605	0.185784
0.7652	0.0229292
0.0370632	-0.866995
-0.186527	-0.770686
-0.375865	-0.851546
-0.411238	-0.955775
-0.285465	-0.988989
0.0637834	-1.12728
0.532588	-1.17829
0.953973	-1.2021
1.10947	-1.01198
1.06069	-0.759616
1.13073	-1.02216
1.02744	-1.12018
0.864263	-1.27856
0.563026	-1.20479
0.33175	-1.14928
0.182756	-0.984671
0.228874	-0.937898
0.195017	-0.857688
0.294126	-0.89238
0.567457	-1.01498
0.636355	-0.905045
0.282222	-0.703969
0.22621	-0.664216
0.0745623	-0.660181
0.0125938	-0.629283
-0.0068796	-0.594967
-0.0133711	-0.604544
-0.0114139	-0.641545
0.139196	-0.707268
0.401936	-0.910478
0.74222	-0.516185
1.05108	-0.610981
0.27239	-0.481642
0.26146	-0.159274
0.579102	0.122993
0.752741	0.110427
0.695823	-0.0513252
0.295223	-0.662889
0.439241	-0.720077
0.603554	-0.823308
0.409477	-0.301006
0.577617	-0.141915
0.709364	-0.4077
0.398648	-0.229117
0.354011	-0.588779
0.413835	-0.873242
0.315797	-0.915634
0.187649	-0.967164
0.0965456	-0.950581
0.0886538	-1.00041
0.427425	-1.08244
0.375303	-0.883414
0.616894	-0.779129
0.939057	-0.818139
1.15904	-0.896679
1.26142	-0.903159
1.26553	-0.891084
1.158	-0.816457
1.01773	-0.764114
0.820875	-0.665133
0.584137	-0.612321
0.550617	-0.735428
0.709292	-1.03639
0.986914	-1.20497
0.785833	-0.949873
0.697908	-0.913953
0.936968	-1.13067
0.685712	-0.618843
0.752822	-0.304449
0.532307	0.0301567
0.643311	0.280594
0.53689	-0.265914
0.460798	-0.763714
0.917661	-1.18318
1.06634	-1.19524
1.04785	-1.09519
1.15837	-1.06277
1.45281	-1.25105
1.67835	-1.37077
2.52555	-2.75058
2.77693	-3.18513
2.55647	-2.8478
2.27162	-2.21463
1.41873	-0.800376
1.22066	-0.51063
1.16775	-0.474286
1.08062	-0.378994
1.17038	-0.5179
1.1852	-0.581169
1.33196	-0.797062
1.67848	-1.33831
1.75128	-1.88433
1.69559	-1.8799
1.77559	-1.98066
1.90792	-2.1461
1.97159	-2.21856
1.96448	-2.18508
1.80886	-1.98262
1.89581	-2.11317
2.13157	-2.37974
2.0541	-2.14112
1.82141	-1.81517
1.82638	-1.86604
1.74195	-1.75878
1.70138	-1.6488
2.02995	-2.08726
1.53447	-1.06155
1.3278	-0.86289
1.10671	-0.679644
0.874423	-0.49029
0.802424	-0.461138
0.788989	-0.467857
0.817032	-0.557714
0.818322	-0.616488
0.794031	-0.648065
0.817772	-0.724059
0.785544	-0.802335
0.949497	-1.01998
1.21644	-1.35879
0.849575	-1.13021
0.890497	-1.07352
1.00362	-1.02196
0.901477	-0.609526
0.872513	-0.398134
0.733072	-0.421317
0.874056	-0.26601
0.752509	-0.173687
0.479166	-0.0163115
0.845261	-0.935964
1.71684	-1.79138
1.16822	-0.981971
0.883925	-0.716469
0.808546	-0.731264
1.69716	-1.43117
2.31472	-2.23055
1.75661	-1.21485
1.82962	-0.946283
1.91395	-0.672708
2.29508	-1.12991
2.42338	-1.18967
2.75214	-1.74518
3.09354	-2.46638
2.55874	-1.88491
2.80216	-2.39689
2.13606	-1.55024
2.12137	-1.52895
2.15717	-1.62712
1.52528	-1.09813
1.14801	-0.64758
0.816356	-0.08355
0.968273	-0.12135
0.720719	-0.0277564
0.692322	-0.00607198
0.870449	0.258846
1.14961	-0.322258
0.917709	-0.234627
0.641327	-0.058764
0.657934	0.144356
0.900779	-0.432754
1.78894	-1.08481
1.57631	-0.895975
1.48841	-0.730375
1.33127	-0.541297
1.39771	-0.524995
1.42357	-0.22079
1.78015	-0.687807
1.98135	-0.963683
1.67286	-0.713529
1.68948	-0.764635
1.72666	-0.793441
1.74871	-0.797158
1.58481	-0.550941
1.63949	-0.56001
1.60777	-0.456258
1.75634	-0.616353
1.34783	-0.214854
1.67979	-0.636678
1.66464	-0.734257
1.45188	-0.731487
1.11283	-0.566853
0.940836	-0.807942
0.739815	-0.559914
1.6944	-1.18426
1.42627	-0.869238
0.989702	-0.408047
1.35919	-0.930376
0.844878	-0.428063
0.869704	-0.456123
1.06318	-0.353214
1.108	-0.427604
1.25181	-0.914362
1.2963	-1.03927
1.72461	-1.56612
1.98366	-1.77076
2.14978	-1.93763
2.00267	-1.6405
2.03257	-1.56302
2.12085	-1.54953
2.12703	-1.39699
1.72778	-0.658773
1.78895	-0.677939
1.6594	-0.522405
1.81931	-0.78494
1.79406	-0.846613
1.47544	-0.333522
1.4175	-0.164797
1.52273	-0.287738
1.33349	0.0451103
1.30538	0.223271
1.45244	-0.0522142
1.84251	-0.582882
1.16767	0.438229
1.31877	-0.0222366
1.07582	0.0512763
1.35784	-0.296409
1.11035	0.0364891
1.24317	-0.242399
1.28978	-0.315838
1.51796	-0.555954
1.19368	-0.392175
1.0753	-0.330362
1.19016	-0.61765
1.39704	-0.758583
1.58908	-1.22562
1.63701	-1.06598
1.8166	-1.15073
2.1256	-1.51894
1.93996	-1.21769
1.64834	-0.384857
1.77844	-0.864311
1.17261	-1.01106
2.17029	-1.83616
2.39054	-1.94873
2.3017	-1.76953
3.06739	-2.96628
2.89197	-2.76921
2.88165	-2.84453
2.85107	-2.77176
2.85031	-2.86889
2.86763	-2.95623
2.7236	-2.78852
2.48975	-2.51232
2.33844	-2.30173
2.06187	-1.74315
1.76035	-0.964078
1.93252	-1.32869
2.04707	-1.4905
2.15896	-1.9864
1.78369	-1.62905
1.48755	-1.37445
1.41025	-1.37713
1.3489	-1.31311
1.16372	-1.09187
1.08118	-0.997392
1.08392	-1.01108
1.1166	-1.06261
1.26295	-1.21296
1.38139	-1.35411
1.57532	-1.56645
1.86673	-1.94946
1.81945	-1.91011
1.46811	-1.60541
1.28759	-1.60532
1.42199	-1.59894
1.04713	-1.01482
1.31055	-1.13222
1.87605	-1.91937
1.70208	-1.74312
1.65847	-1.67959
1.7466	-1.71947
1.61071	-1.52258
1.47054	-1.37005
1.52413	-1.39119
0.724413	-0.81247
0.564495	-0.320798
0.863428	-0.033486
0.539944	0.00595309
0.509401	0.0580748
0.556733	-0.133312
0.532274	-0.103435
0.498161	-0.0454091
0.385524	0.0246213
0.386553	-0.00368524
0.703826	0.271842
0.986092	0.293399
0.771491	0.0949647
0.614583	-1.17066
0.914738	-1.17292
1.03265	-1.35016
1.11733	-1.36802
1.16018	-1.4284
1.26453	-1.53221
1.33289	-1.6094
1.19171	-1.47371
0.993836	-1.22687
0.34191	-0.761933
0.370762	-0.458278
0.417866	-0.209256
0.858483	0.0900172
0.706393	0.115229
0.584842	0.169581
1.1338	0.312152
1.35813	0.493285
0.677494	-0.45373
1.10095	-0.717771
1.10173	-0.812832
0.597258	-0.20146
0.651842	-0.228152
0.718585	-0.191149
0.78271	-0.252145
0.287752	0.148757
0.367097	0.224175
-0.363577	-0.329349
-0.759302	-0.489853
-0.535875	-0.674986
-0.418876	-0.749933
-0.402982	-0.823034
-0.436587	-0.63376
0.233102	-0.518185
0.501437	-0.352573
0.560365	-0.394825
0.588311	-0.322845
0.744846	-0.444043
0.914548	-0.461306
0.853999	-0.470997
0.889635	-0.470137
0.382279	0.179081
0.641023	0.174488
0.580745	0.512074
0.563896	0.215229
0.544972	0.0422443
0.623761	-0.0506153
0.575598	-0.0106651
0.429575	-0.941099
1.27446	-1.25402
2.03569	-1.99611
2.3338	-2.37111
2.05702	-1.89277
1.92996	-1.60611
1.90885	-1.44947
1.85564	-1.23936
1.81882	-1.15196
1.796	-1.19429
1.66895	-1.16038
1.71292	-1.25305
1.58347	-1.34405
1.51074	-1.10599
1.47409	-0.839579
1.44586	-0.687479
1.29217	-0.565812
1.09987	-0.499879
1.1695	-0.716343
1.26717	-0.822218
1.21802	-0.626648
1.43226	-0.852313
1.71847	-1.13056
2.07413	-1.54488
2.24298	-1.93473
1.91064	-1.42602
2.70174	-2.42435
2.89522	-2.84307
2.7491	-2.7074
2.03382	-1.52511
2.15944	-1.93383
2.12917	-1.8696
1.86813	-1.35875
1.40492	-1.13335
0.0833211	-0.576493
0.279622	-0.226945
0.66443	0.532429
0.59309	0.480306
0.310672	0.158128
0.219544	0.0908931
0.340765	0.408691
0.679661	0.38726
0.710134	0.254314
0.57591	0.320622
0.966403	0.524043
0.9486	0.103116
1.93736	-1.79684
2.43516	-2.2787
2.36895	-2.12171
2.52517	-2.29164
2.40559	-2.01952
2.27855	-1.74773
2.05189	-1.31917
2.06753	-1.18891
1.71086	-0.629471
1.68877	-0.57885
1.66382	-0.608036
1.46047	-0.458675
1.50528	-0.589181
1.58817	-0.88807
2.02554	-1.66324
1.58428	-1.24199
1.1753	-0.906149
1.15358	-1.05535
1.2081	-1.06736
1.31288	-1.22019
1.65504	-1.60658
1.55058	-1.56766
1.59989	-1.42494
1.58222	-1.2032
1.52622	-1.20307
1.31993	-1.14298
1.21516	-0.884897
0.846498	-0.450594
1.0014	-0.694763
1.12329	-0.727676
0.897792	-0.437352
1.06248	-0.223828
0.510982	0.253641
0.947143	-0.792532
1.36373	-1.18408
1.92521	-1.8207
2.0919	-2.14134
2.1347	-2.15771
1.89011	-1.73988
1.93884	-1.81453
1.70536	-1.56998
1.43921	-1.43281
0.792255	-0.96961
0.219207	-0.51652
-0.0159061	-0.480064
0.0744262	-0.442077
0.240043	-0.574368
0.306813	-0.509908
0.180164	-0.645768
0.509739	-0.601736
0.691613	-0.73416
0.790176	-0.69815
0.816574	-1.06892
0.999179	-1.46437
0.499351	-1.0583
0.303708	-0.825923
0.299904	-0.922956
-0.156004	-0.632542
0.280162	-0.519056
0.516708	-0.110902
0.658875	0.106663
0.434184	0.0832837
0.594032	0.39157
0.945466	0.381235
0.94643	0.310473
0.768042	0.370775
0.126556	-0.999183
0.272723	-0.981719
0.316679	-1.24755
0.0294548	-1.19116
0.30051	-1.22344
0.934076	-1.11724
0.797909	-1.14662
0.95736	-0.912691
0.844922	-0.724103
0.818119	-0.72129
0.613205	-0.239782
0.817179	-0.464853
0.955978	-0.583407
0.629303	-0.744536
0.709576	-0.080185
1.1343	-0.255538
1.2287	-0.377761
1.48724	-0.890635
1.78782	-1.65716
1.55475	-1.38563
1.54555	-1.34671
1.44753	-1.21603
1.23014	-0.973859
1.12979	-1.00757
1.15636	-0.97056
1.33097	-1.10227
0.798338	-0.955989
1.25156	-1.27972
1.12118	-0.81679
1.33805	-1.08863
1.12617	-0.650413
0.919325	-0.403808
0.858115	-0.371708
1.27952	-1.24565
1.44918	-1.35504
1.54176	-1.4246
1.3799	-1.16498
1.40921	-1.12051
1.29629	-1.14491
0.860419	-0.766746
0.706943	-0.648342
0.452091	-0.491287
0.329884	-0.162296
0.768571	0.238253
0.695956	-0.0427154
0.902778	0.295664
0.959716	0.437049
0.430538	0.272414
0.720741	0.0593571
0.946257	0.400261
1.07669	0.884508
1.2585	0.509612
1.30422	0.353504
0.280749	-1.00509
-0.0608812	-0.889298
-0.0775319	-0.886301
-0.0422203	-0.923539
0.10415	-0.977566
0.346431	-1.05498
0.697668	-1.01872
0.566283	-0.751897
0.599253	-1.04832
0.805894	-1.17034
1.37606	-1.54749
2.55306	-2.58491
1.38136	-1.1426
0.798114	-0.619162
1.35229	-1.44979
0.903024	-0.798852
1.00293	-0.63085
0.883344	-0.531691
1.10099	-0.713574
0.963726	-0.353328
1.14948	-0.7437
0.958864	-0.391152
0.871882	-0.442191
1.8639	-1.28652
1.56235	-0.656294
1.74388	-1.24747
1.68637	-0.764082
1.58814	-0.597543
1.95513	-1.25218
1.62182	-1.23871
1.92918	-1.92313
1.99823	-1.89425
1.87636	-1.81918
1.78738	-1.73241
1.09209	-0.765863
1.12073	-0.503
0.99371	-0.422852
1.09641	-0.556895
1.21666	-0.674725
1.17046	-0.599461
1.15782	-0.635223
1.18675	-0.644545
1.3539	-0.773119
1.84464	-1.74588
1.72071	-1.67983
1.76755	-1.80327
2.10685	-2.16588
2.55499	-2.62239
2.59293	-2.20235
1.80321	-0.916354
1.24182	-0.117594
1.20391	-0.0348966
1.16102	-0.0392797
1.0946	0.0357652
1.2312	-0.16964
1.37156	-0.451186
1.34367	-0.677182
1.22722	-0.700339
1.76447	-1.35619
1.9614	-1.77563
1.42268	-1.19376
1.5506	-1.23336
1.05503	-0.652397
1.08273	-0.537651
1.04425	-0.484363
1.17968	-0.491003
1.8593	-0.781603
1.95787	-1.08913
1.61635	-1.05501
1.41686	-0.689992
1.42954	-0.611923
1.35682	-0.752494
0.882202	-0.656285
0.306233	-0.249558
0.534231	0.0445473
0.561529	0.375011
0.729372	0.412027
0.675826	0.324585
0.874861	0.0490461
0.987894	0.288195
0.625596	0.445197
0.722819	0.0510629
0.884433	-0.215958
0.766537	0.00245217
0.835545	0.0894432
0.845396	0.0785747
0.261937	0.0485431
0.575824	-0.397405
1.725	-1.55333
1.87616	-1.64127
1.81615	-1.44947
1.70613	-1.27436
1.66812	-1.18589
1.64786	-1.13791
1.47275	-0.977965
1.34337	-0.861216
1.56918	-1.14608
1.5858	-1.37784
0.921779	-0.75434
1.23736	-0.988921
1.35483	-0.882068
1.70206	-1.53255
1.41747	-1.01497
1.24641	-0.651164
1.33989	-1.19306
1.12637	-1.05996
0.114632	-0.310363
0.173021	-0.170849
0.994226	-0.727401
1.35527	-0.88748
1.16875	-0.579973
1.13304	-0.43823
1.61659	-0.909959
1.50274	-0.810281
1.5236	-0.933778
1.87953	-1.82528
1.79365	-1.77888
1.59194	-1.5595
1.47974	-1.46898
1.55929	-1.53779
1.46655	-1.38054
1.61209	-1.52294
1.67754	-1.57806
1.95924	-1.97696
1.81924	-1.8069
2.03568	-2.01565
1.37369	-1.27745
1.08533	-0.672368
0.840664	-0.455352
0.982594	-0.654303
0.792646	-0.0739695
0.916748	-0.13378
0.577917	-0.408057
2.13773	-2.26563
2.08564	-2.27288
1.64565	-1.59235
1.34499	-1.21421
0.493071	-0.552082
1.26289	-1.17683
2.09079	-2.15993
2.00217	-1.92422
1.80462	-1.53266
1.91645	-1.64296
1.87207	-1.54193
1.92086	-1.62503
1.74437	-1.33204
1.52384	-1.09064
1.37071	-1.01547
1.22835	-0.902211
1.32191	-0.994911
2.00721	-2.23252
1.9431	-2.10696
2.10118	-2.37633
2.20715	-2.4371
2.3852	-2.65651
2.35822	-2.61232
2.08547	-1.94183
1.86047	-1.58936
1.70262	-1.28292
0.478158	-0.524271
0.477941	-0.311171
0.327756	-0.971232
0.339758	-0.99053
0.171723	-0.962724
0.0452542	-0.985423
0.0223278	-1.0158
0.0114064	-1.10343
0.0212674	-1.09413
0.175	-1.12464
0.2774	-1.15487
0.524841	-1.09324
0.872741	-1.05257
0.865687	-0.856728
0.976819	-0.709302
0.907251	-0.559052
0.846919	-0.510405
0.71175	-0.507109
0.685349	0.209251
0.94004	-0.232379
1.31878	-0.694339
0.695502	-0.508394
0.90536	-0.454235
0.852904	-0.105091
0.949018	-0.317525
0.876719	-0.311044
1.14935	0.385146
1.24185	0.294965
1.7404	-0.746117
1.74779	-1.27743
2.20124	-1.86148
2.31166	-1.89556
2.20231	-1.71681
2.22903	-1.74429
2.25348	-1.76102
2.03769	-1.61863
1.74929	-1.41195
1.59484	-1.30358
1.64187	-1.35393
1.82184	-1.51152
1.86438	-1.46444
2.03992	-1.59392
1.9185	-1.38428
1.80211	-1.17897
1.71258	-1.16817
1.8192	-1.3956
1.95961	-1.60596
1.86341	-1.45824
1.90137	-1.4284
1.72498	-1.2579
1.95741	-1.55598
2.28273	-1.90641
2.76748	-2.4244
2.82602	-2.44585
2.74878	-2.13321
2.76702	-2.0346
2.63281	-1.54724
2.49317	-1.55669
2.06666	-0.724473
1.6424	-0.0512202
1.93146	-0.652169
1.63275	-0.284877
1.61773	-0.547511
1.40278	-0.326984
1.0284	-0.0595295
1.24793	-0.574919
1.29219	-0.824476
1.15586	-0.960815
0.585558	-0.341648
0.709689	0.0569261
0.946649	0.685676
1.02842	0.716563
0.837566	0.458252
1.29997	0.993454
1.44708	1.04791
1.05473	0.961715
1.02095	0.944172
0.965298	1.10055
0.828738	0.90203
0.786851	1.09074
0.624614	1.07427
0.196495	0.377977
0.53283	0.492965
0.38311	0.710723
0.337894	0.491194
0.42135	0.475044
0.474449	0.756691
1.10676	-0.747209
2.46589	-1.59315
2.38112	-1.51041
2.21367	-1.68826
2.82874	-2.76853
1.70554	-1.59796
1.66902	-1.62854
1.64204	-1.55868
1.68049	-1.45846
1.77083	-1.46207
1.57388	-1.15457
1.15021	-0.770919
0.958821	-0.692824
0.931893	-0.679568
0.856765	-0.593553
0.880691	-0.626297
0.915799	-0.599444
1.23185	-0.767681
1.63752	-1.2072
1.19694	-0.703533
1.12483	-0.821317
0.611428	-0.609197
0.623133	-0.960193
0.0888576	-0.776193
-0.212592	-0.773724
-0.375886	-0.743291
-0.273176	-0.867594
0.461227	-1.00632
1.36294	-1.1068
1.5537	-1.27488
1.62066	-1.58705
1.37595	-1.42288
0.899696	-0.926968
0.645854	-0.682922
0.588327	-0.564539
0.633036	-0.536368
0.70488	-0.566347
0.778988	-0.557084
0.94812	-0.743641
1.56624	-1.36858
1.16975	-0.750938
-0.0241193	-0.27004
0.0175887	-0.263856
0.580415	0.148149
0.716091	0.0506724
0.872678	-0.0873098
0.816185	-0.0634896
1.00565	0.0911333
1.14424	0.15435
1.30344	0.777384
1.12431	0.293818
0.854886	0.209824
0.848292	-0.348339
0.839324	-0.357532
1.13727	-0.58317
0.88989	-0.358187
0.860733	-0.221533
0.937562	-0.259899
0.663448	-0.155721
0.754974	0.272542
0.524328	-0.0352698
-0.0181204	-0.660278
-0.668506	-0.957326
-0.688184	-0.757054
-0.67833	-0.781149
-0.65267	-0.809419
-0.603311	-0.847674
-0.581636	-0.847262
-0.472805	-0.83044
-0.372301	-0.81208
-0.214477	-0.762132
-0.1538	-0.740032
0.204691	-0.772522
0.458847	-0.795471
0.69626	-0.81047
1.02992	-0.935045
1.35652	-1.16961
1.54939	-1.32132
1.55669	-1.26109
1.56481	-1.2501
1.62063	-1.34599
1.6911	-1.47115
1.46715	-1.29143
1.53043	-1.31654
1.45711	-1.26205
0.905222	-0.922402
0.849988	-0.948645
0.736285	-0.518528
0.909313	-0.615208
0.81761	-0.610926
1.57801	-1.06059
2.2463	-1.61343
2.03576	-1.71304
1.8527	-1.28425
1.95498	-1.43416
1.81617	-1.17139
2.43392	-1.96578
2.58177	-2.28045
2.2016	-1.66673
2.07206	-1.39988
2.43125	-1.93294
2.29298	-1.89743
2.14653	-1.75444
2.06925	-1.60147
2.02401	-1.55696
1.82205	-1.30002
1.70635	-1.11317
1.93843	-1.37621
1.82099	-1.23938
1.54686	-0.885391
1.63599	-0.894285
1.42457	-0.928679
1.57377	-1.01745
1.36802	-0.713527
1.16558	-0.469739
1.40331	-0.784971
1.54268	-0.792389
1.53371	-0.830559
1.3665	-0.729062
0.811341	-0.344781
1.53677	-1.17834
1.59242	-0.852348
1.61813	-0.484772
1.71938	-0.478689
1.9325	-0.695916
1.9052	-0.570951
1.67468	-0.247463
1.37576	-0.110807
1.38662	-0.380918
1.74944	-0.712754
2.02482	-1.20116
1.84258	-1.03043
1.54039	-0.954318
1.12357	-0.840206
1.74006	-1.783
1.83616	-2.00496
1.54054	-1.64637
1.25404	-1.25224
0.816901	-0.801769
0.549273	-0.686885
0.753286	-1.28993
0.631132	-1.30179
0.211498	-1.07642
-0.114336	-1.07884
0.160442	-1.11378
0.768913	-0.99183
0.851061	-0.779749
0.885279	-0.838355
0.858931	-0.800441
0.727736	-0.751911
1.38707	-0.530824
1.475	-1.51095
1.17798	-1.41935
1.42154	-1.49723
1.91387	-1.84743
1.9996	-1.78364
2.24287	-1.9749
2.57125	-2.37925
2.62799	-2.45505
2.41237	-2.14237
2.36568	-2.12746
2.14957	-1.87947
2.09072	-1.80955
2.0161	-1.79016
2.16944	-1.86662
1.99821	-1.51643
1.80177	-1.32126
1.51328	-0.968383
1.61367	-0.969966
1.42029	-0.675154
1.56296	-0.748904
0.849966	0.405514
0.897492	0.514548
1.04007	0.532005
0.823104	0.245419
0.932208	-0.00119489
0.875175	0.16826
0.697135	-0.347292
0.615697	-0.397401
0.282072	-0.377581
0.543245	-0.516474
0.729034	-0.377323
0.758527	-0.29692
0.645631	-0.0464993
0.798303	0.0888897
0.616677	-0.640911
1.38682	-1.42697
0.940573	-0.7412
1.33408	-1.12207
1.84196	-1.67479
2.0979	-1.92004
2.26169	-2.04981
2.65528	-2.65913
3.09167	-3.33257
3.27853	-3.65297
3.40557	-3.86367
3.11542	-3.15506
2.31339	-1.92303
2.02161	-1.76558
0.885412	-0.637
0.619038	-0.58223
0.975664	-1.08959
0.958327	-1.1232
0.91238	-1.11555
1.26873	-1.68396
0.664148	-1.47162
0.363004	-1.2435
0.125898	-1.1159
0.252368	-1.17503
0.41843	-1.23771
0.787487	-1.31605
2.00097	-2.19156
2.42431	-2.77676
2.31251	-2.60654
1.9449	-1.98558
1.39875	-1.18311
1.2604	-0.941959
1.3176	-0.852001
1.50331	-0.951636
1.4901	-0.849894
1.49029	-0.840925
1.51386	-0.902551
1.39223	-0.801458
1.2289	-0.687069
1.10053	-0.64537
0.879675	-0.573197
0.721136	-0.673482
0.755329	-0.860127
0.93905	-1.08848
0.404011	-1.04341
0.0217832	-0.989592
-0.207686	-0.859408
-0.433559	-0.59442
-0.490953	-0.745065
-0.408407	-0.867987
-0.338351	-0.841434
-0.00553935	-1.01219
0.376301	-1.1569
0.595845	-1.20023
0.937902	-1.35262
1.27704	-1.55182
1.36228	-1.53252
1.55561	-1.57692
1.72032	-1.52307
1.73848	-1.25474
1.68762	-1.08428
1.73906	-1.40279
1.80778	-1.66849
1.76239	-1.6785
1.51922	-1.3263
1.57542	-1.30014
1.24303	-0.545286
1.1256	-0.623517
1.15554	-0.858141
0.93577	-0.742209
0.721736	-0.654772
0.675892	-0.737926
0.507952	-0.58304
0.439933	-0.64215
0.432281	-0.592375
0.522513	-0.713879
0.521022	-0.617128
1.1257	-1.04441
1.92482	-2.18022
1.75287	-1.90663
1.99565	-2.25245
1.8363	-2.02554
1.80564	-1.8824
1.87186	-1.97457
1.46926	-1.42266
1.03484	-0.91416
0.926734	-0.694028
0.991167	-0.890195
0.92667	-0.612383
1.1117	-0.928415
0.866521	-0.780666
0.884215	-0.507991
0.856353	-0.535219
1.04303	-0.654756
1.18171	-0.803499
