2.57333	0.415358
3.01947	0.715523
2.91394	0.717928
3.06317	0.589477
2.92807	0.614919
2.79036	0.720619
2.6597	0.814906
2.86609	0.578508
2.80371	0.551782
2.76519	0.724389
2.71694	0.529664
2.95006	0.57258
2.76031	0.674607
2.65884	0.719942
2.83289	0.665837
3.84007	1.86286
4.59698	2.04774
4.85656	1.97082
5.20499	2.1867
5.32578	2.14607
5.50936	1.96781
5.4972	1.9727
5.49148	1.87506
5.29343	2.05611
5.06115	1.98277
5.0971	1.94521
5.20469	1.96343
5.22173	1.99162
5.24095	1.98359
5.26863	2.02779
5.20969	2.11636
5.31404	1.96352
5.30872	2.00387
5.34466	1.85535
5.29743	1.85638
5.35253	1.85118
6.13035	1.52935
6.69478	1.65565
6.79387	1.47982
6.89783	1.33176
6.90112	1.27106
6.776	1.43584
6.77732	1.39986
6.85787	1.15682
6.67578	1.32746
6.58056	1.27467
6.31125	1.20821
5.35933	0.863237
5.89416	0.576431
6.25351	0.798572
6.58159	0.568454
6.84958	0.117543
6.90038	-0.0466897
6.84547	-0.059342
6.70338	0.134029
6.59033	0.300926
6.44646	0.516426
5.96263	0.842584
4.60884	1.28661
4.34282	1.36582
4.61265	1.46648
4.71589	1.60851
4.90039	1.68463
4.85642	1.76955
4.95586	1.70751
5.06158	1.7276
5.00332	1.74371
5.43986	1.53558
6.00412	1.58931
6.1906	1.689
6.29005	1.56116
6.31599	1.46082
6.29234	1.4484
6.27192	1.24202
6.16714	1.08241
5.76964	0.955196
5.26659	0.769251
4.95221	0.428792
4.58197	0.411678
4.80076	0.478679
4.93308	0.541345
5.28027	0.560863
5.26953	0.917583
5.46053	1.03528
5.75972	0.955249
5.99863	0.984383
6.10669	1.10756
6.03486	1.2529
5.65999	1.44097
4.85143	1.82943
4.46875	1.85152
4.28723	1.96013
4.14998	1.97606
3.97565	1.8367
4.58175	1.09614
4.47642	0.914671
4.19386	0.745781
4.71977	-0.280186
4.71906	0.0588667
4.65807	-0.137722
4.56998	-0.102392
3.56724	0.485313
3.12937	0.486698
3.05515	0.850645
3.25121	0.992986
4.42522	1.94165
4.67044	2.09374
4.92348	1.8831
6.31925	0.484552
6.37886	0.945832
5.72526	1.59301
5.30034	1.89201
4.83198	2.04054
4.42272	1.95541
4.00063	1.79795
3.69628	1.40078
3.63061	1.14818
3.6554	0.73205
3.62443	0.267486
3.71022	-0.0598987
3.79466	-0.440058
4.10177	-0.837922
4.32081	-0.909314
4.61361	-1.35483
4.66518	-1.01956
4.47266	-0.620399
4.12661	-0.563384
4.11163	-0.025306
3.82548	0.0529051
3.32438	0.466167
2.96518	0.640642
2.97822	0.337973
2.85494	0.663906
2.77089	0.561449
2.89885	0.730658
3.13498	0.65535
3.43744	0.673567
3.50932	1.19674
4.62202	1.28738
6.05148	1.31352
4.31138	1.30385
3.40018	1.47494
5.4769	0.165882
6.13442	0.781781
6.49484	1.22054
6.5417	1.20596
6.53155	1.26417
6.49565	1.31299
6.40295	1.42605
6.35707	1.4288
6.42448	1.21277
6.3929	1.26274
6.18778	1.58501
6.1601	1.67001
6.06961	1.85397
5.86615	2.00373
5.72855	2.05672
5.89267	2.04059
5.75759	2.19306
5.5253	2.27498
4.53807	1.90099
3.50686	1.81734
3.53007	1.59885
3.36601	1.6501
3.46673	1.65474
3.37052	1.58878
3.1121	1.40467
3.49982	0.814242
4.34189	0.294214
3.45805	0.906173
3.4921	1.059
3.36663	1.15719
3.38127	1.09662
3.60028	1.05191
3.73771	1.46757
3.9805	1.69312
4.44236	1.72348
4.93806	1.69144
4.76093	1.97
4.61765	1.58013
4.61979	2.00882
5.72067	2.35293
4.72126	1.77519
4.38338	1.46169
3.74405	1.56157
4.04181	2.15587
3.73425	1.95233
3.68658	1.92521
3.55309	1.72044
3.44178	1.54271
3.29136	1.48698
3.30061	1.24194
3.21447	1.21177
3.04151	1.21143
3.12571	1.05745
2.96472	0.825585
2.8148	0.64655
2.94096	0.51744
2.84002	0.547208
2.93192	0.583968
2.86267	0.599407
2.66391	0.526388
2.84319	0.511938
2.87713	0.61575
2.84525	0.534942
2.58452	0.696216
2.92324	-0.133426
3.08215	0.0455069
2.5755	0.705952
2.58153	0.595817
2.45749	0.664414
2.58031	0.668845
2.67399	0.688324
2.5595	0.652169
2.51494	0.426285
2.60242	0.318455
2.98666	0.530991
5.70626	0.330519
5.62461	0.471802
6.04708	1.45944
6.19207	1.36007
5.22831	1.34369
5.20631	0.954041
5.78988	1.29199
6.15846	1.51264
6.4473	1.43956
6.51272	1.47355
6.60411	1.42411
6.57552	1.50372
6.62506	1.36598
6.5768	1.32457
6.35887	1.39883
6.27977	1.29382
6.06259	1.15812
5.73336	1.18416
5.5323	1.21314
5.39381	1.18379
5.2801	1.17487
5.2801	1.12176
5.49154	0.875871
5.85232	0.521888
6.13776	0.491644
6.45347	0.411345
6.73362	0.44714
6.98575	0.566915
7.03016	0.770529
6.81414	1.0169
6.53976	1.16759
6.21083	1.30317
5.95486	1.44433
5.86096	1.40514
5.82766	1.53886
5.57884	2.03152
4.8239	2.27452
4.18841	1.65966
5.45453	1.42711
5.91382	1.81449
5.66794	2.10308
5.22909	1.60447
6.04408	1.70092
6.4754	1.77168
6.72643	1.49361
6.85752	1.36004
7.06743	1.18831
7.22843	1.04363
7.25342	1.08402
7.32209	0.992542
7.31919	1.01448
7.30029	1.06969
7.30149	1.1108
7.22005	1.22473
7.07935	1.36332
6.89442	1.52962
6.65009	1.49341
6.41996	1.4385
6.33166	1.42306
6.28602	1.38098
5.92228	1.51092
5.27639	1.50569
5.23151	1.54183
5.16711	1.6099
5.14843	1.6527
5.25643	1.61569
5.37785	1.53158
5.93225	1.62504
6.36189	1.30113
6.32994	1.28295
6.15456	1.42208
5.7938	1.57157
5.1995	1.56219
4.77093	1.7804
4.67453	1.82452
4.6032	1.79124
4.41668	1.81984
4.15064	1.95232
4.37636	1.76671
3.92381	1.83781
3.46857	1.40893
2.86543	1.05083
2.78541	1.05308
2.86301	0.893368
4.9716	0.581695
6.22192	0.570212
4.67167	0.535719
5.78187	1.70725
6.48611	1.43737
5.8035	1.87522
6.01285	2.28522
4.54643	2.32156
3.70473	1.80816
3.35203	1.52397
3.14878	1.63471
3.72184	1.05229
5.21368	0.765118
4.65247	1.09161
4.31596	1.42789
5.47099	1.88084
6.15269	1.28609
6.16582	1.26373
5.96462	1.32199
5.48586	1.52021
4.54868	1.57419
3.22826	1.52068
2.92355	1.23138
3.04438	1.18359
4.81319	0.635039
4.82671	0.600421
3.79859	0.873284
3.49011	1.19155
5.31022	1.79595
5.73004	1.67384
5.70005	1.78931
5.25409	1.4821
4.69823	1.26856
4.60078	0.469869
4.679	-0.190042
4.61419	-0.438444
4.65681	-0.846007
4.67252	-1.20258
4.7052	-1.19209
4.52884	-1.2253
4.53412	-0.910506
4.51468	-0.654488
4.23492	-0.220064
4.5753	1.2164
5.34748	1.04019
5.76103	1.04452
5.55094	1.29518
5.58207	1.1296
4.58642	1.31504
4.2925	0.513335
4.35682	-0.114006
4.27084	-0.390738
3.9638	-0.0285777
3.42118	0.122049
3.395	0.352362
3.15623	0.320753
2.9831	0.277018
2.98116	0.340689
3.22428	0.898158
3.2836	0.584634
3.71556	0.767993
5.0064	1.95313
5.49662	2.25495
4.80273	2.429
4.97458	2.30353
4.88953	1.74245
4.58493	1.79739
4.52176	1.86899
4.58999	1.66389
4.67558	1.37247
4.6792	1.08698
4.81117	0.898554
4.94788	0.824284
4.72775	1.41827
4.15273	1.85563
3.89777	2.09874
3.85517	1.91239
3.82817	1.77351
3.72422	1.82605
3.56825	1.70184
3.13153	1.60389
3.06079	1.42867
2.98523	1.32412
2.83659	1.13329
5.03729	0.983691
4.55413	0.924789
4.04918	0.730074
3.54229	1.087
3.91158	1.8403
4.97486	2.04413
5.14658	1.98634
5.16212	2.10398
4.59963	2.11491
3.93771	1.87712
4.59094	1.50105
4.97855	1.65436
4.58347	1.45908
3.63058	1.1647
2.83678	1.18181
2.91652	1.01231
2.80854	0.956176
2.88021	1.01585
3.78927	0.868274
4.66998	1.26472
3.71946	1.03831
5.09916	1.69966
5.72578	2.0007
5.91034	2.02896
6.14376	1.74104
6.2163	1.754
6.32825	1.60353
6.27737	1.63402
6.17233	1.70217
5.8805	1.86008
5.42207	1.97326
4.50197	1.83768
4.32076	1.83613
4.09952	1.80035
3.86269	1.86482
3.62309	1.79307
3.49782	1.97198
3.57175	1.88311
3.30176	1.68323
3.29623	1.48989
3.00265	1.41803
2.9735	1.19176
2.75562	1.04619
2.73566	1.1201
2.74155	1.14597
2.36269	0.434178
2.82908	0.490256
2.84681	0.604765
2.84348	0.534184
2.74444	0.349367
2.78085	0.595819
2.76446	0.48405
2.80352	0.668972
2.94252	0.811517
2.87302	0.709656
3.121	0.515384
5.48974	0.52322
6.62196	0.911114
6.61358	1.07709
6.21978	1.11959
5.85321	1.18
5.49322	1.07488
5.18435	0.61344
5.20886	0.305463
5.20801	0.285061
5.00948	-0.153421
5.18114	-0.165739
5.18363	-0.400022
5.24537	-0.285926
5.2436	-0.111109
5.39105	-0.0270231
5.55379	0.0242624
5.35723	0.0877201
5.38571	0.12088
5.39033	0.128699
5.21876	0.487271
5.12902	1.37206
6.1222	2.00928
6.50427	1.86578
6.52567	1.94374
6.38763	1.9316
5.99433	2.01611
5.3923	1.94186
5.23472	0.811768
4.98168	0.0490648
4.9929	-0.199565
4.7049	-0.452812
4.70943	-0.574204
4.69762	-0.527158
4.50701	-0.0451256
5.20267	0.939591
5.90591	1.15096
6.16719	1.2566
6.11996	1.04586
5.40916	1.36228
5.66285	1.55691
5.76113	1.68062
5.52761	1.87466
5.42322	1.81557
5.31511	1.71052
5.14508	1.7801
5.08419	1.81204
5.97023	1.85938
6.50271	1.94727
6.5867	1.91937
6.46626	1.847
6.15871	1.91987
5.71781	1.86851
4.90363	1.8378
3.73127	1.84208
3.38995	1.36967
3.23305	1.23872
3.48746	1.37589
3.81832	1.57322
3.40072	1.7307
4.71304	2.20727
5.07517	2.38563
5.15959	2.27853
5.20679	2.04662
5.1271	1.96327
4.90632	1.96458
4.53219	2.15273
4.23955	1.90292
4.20563	1.66472
4.54156	0.761854
4.87291	0.394891
4.86448	0.170546
4.87163	0.0918805
4.63152	-0.0958215
4.8033	-0.0434029
5.15705	-0.108823
5.01444	0.423379
4.613	0.552227
5.40014	0.90912
5.95327	1.00865
6.1092	1.08325
6.14026	1.15214
6.15512	1.0552
5.89394	1.25746
5.4569	1.5248
4.96174	1.71424
4.50124	1.8482
4.29527	2.0183
4.43272	1.90886
4.2579	2.16971
4.56133	1.99146
4.73225	1.87187
4.97906	1.85036
5.13141	1.84202
5.38743	1.82186
5.59312	1.68238
4.57431	1.536
3.82957	0.946906
4.82463	0.367275
4.32065	0.697409
4.22025	1.87371
6.03865	1.76918
6.393	1.73109
6.66071	1.55377
6.60621	1.70913
6.69462	1.56485
6.70749	1.41886
6.64234	1.26241
6.45239	1.15062
6.25795	0.902972
6.02576	0.50956
5.85705	0.237898
5.63331	0.0957328
5.27865	0.175346
4.88453	0.527145
4.521	0.874692
4.48486	1.0493
4.37943	1.01892
4.35825	1.11564
4.29852	1.27565
4.35791	1.31686
4.31705	1.29841
4.28571	1.39119
4.25134	1.21332
4.27393	0.712608
4.50902	0.0854494
4.74698	-0.403215
4.69864	-0.70145
4.75792	-0.672718
4.82226	-0.891972
5.03443	-0.935383
4.95624	-1.00384
4.73727	-0.888706
4.59964	-0.661716
4.38002	-0.278495
3.91286	0.292455
3.76052	0.89338
4.38377	1.68044
5.59548	1.95845
5.75856	1.88864
6.11398	1.60367
5.86282	1.64635
6.22529	1.77388
5.41083	1.98506
6.04232	2.11665
5.02073	2.14347
5.42089	2.29389
4.98802	2.52134
4.7184	2.22724
4.37769	2.16189
3.93656	1.99641
3.59667	1.82396
3.33628	1.50935
3.16039	1.16134
3.08686	1.2088
2.94665	1.07253
3.02775	1.12687
2.95534	0.90533
2.74812	0.769491
2.71418	0.785504
2.89035	0.702439
2.85096	0.669228
2.8503	0.538174
2.69535	0.723012
2.75058	0.562161
3.01087	0.7319
2.80244	0.782616
2.80366	0.672529
2.93932	0.514633
2.81081	0.741211
2.88748	0.658431
2.89647	0.572553
2.77676	0.742095
2.80397	1.04281
3.03156	1.25412
3.26445	1.70328
3.44346	1.60555
3.52949	1.5551
3.62286	1.70314
3.44412	1.66534
3.62102	1.3451
4.81158	1.01223
4.62216	1.05187
4.68832	0.875258
4.80447	1.00916
4.85841	0.968449
4.76437	0.822357
4.56077	0.726114
4.59367	0.570265
4.72411	0.404618
4.59135	0.192621
4.74363	-0.0146415
4.84493	-0.219147
4.84466	-0.504879
4.91614	-0.356992
4.81541	-0.491082
4.82648	-0.476585
4.75079	-0.42933
4.69743	-0.202667
4.41964	0.609431
5.5679	1.27969
6.0704	1.59854
6.24518	1.56109
6.30472	1.69092
6.40666	1.62765
6.45527	1.52229
6.35063	1.51515
6.22675	1.50257
5.87407	1.57986
5.24215	1.86101
5.01481	1.99808
4.90024	2.03228
4.8916	2.08978
4.90319	2.03844
4.83343	1.95674
4.68505	2.0406
4.75122	1.90497
4.50348	2.00954
4.53497	1.92106
4.75486	1.1459
5.16919	0.257982
4.12804	0.751817
5.15714	0.208843
4.58811	-0.0274257
4.94388	0.282976
5.38024	0.659645
4.5659	0.55632
4.58468	0.248805
4.82116	0.0138988
5.69205	0.35843
6.11458	1.15433
7.03747	1.3282
7.07295	1.45018
7.06096	1.61645
7.03279	1.69606
6.86076	1.9197
6.57271	2.18058
6.2227	2.22691
5.7098	1.94507
5.11059	1.2511
5.19844	0.297446
5.41808	-0.0656611
5.45013	-0.361027
5.311	-0.0651828
5.13559	-0.273124
5.03094	-0.297057
5.03082	-0.107131
5.45667	1.22714
6.69451	0.642867
6.85357	0.19149
6.7051	0.131679
6.09648	0.265515
4.78282	0.636419
3.78465	1.23817
3.49181	1.19651
3.25651	0.927378
3.45007	0.56696
4.33227	0.563346
5.01173	0.636734
4.41134	0.820939
6.29492	1.45582
6.58499	1.76013
6.42737	1.96016
6.30409	2.03118
6.0272	1.98767
5.22119	2.23644
5.00135	2.05667
5.08727	1.82847
5.0947	1.87234
4.84096	2.01303
4.9196	1.90232
4.84828	1.90551
4.81567	1.90232
4.94542	1.90592
4.99256	1.97606
4.80896	2.10101
5.02973	1.78248
4.88766	1.94541
4.86729	1.7925
4.75196	1.92272
4.38532	2.03165
4.15181	1.74682
3.98979	1.70347
3.79691	1.672
3.6057	1.59926
3.59455	1.65044
3.39256	1.64193
3.1613	1.51419
3.09677	1.56967
3.14402	1.13527
3.22652	1.29952
3.2733	0.929256
5.26749	-0.314043
4.6609	-0.261239
5.33023	0.0695567
5.01336	0.0523618
4.50567	0.327707
4.62945	0.73511
6.21723	0.599018
6.24508	0.960978
5.99807	1.57517
6.08718	1.43792
6.14595	1.24941
5.87002	1.08141
4.65782	0.912515
3.46042	1.1473
3.26327	1.0147
3.06484	0.948024
3.0887	0.793668
3.12321	0.850522
3.00506	0.819938
3.0003	0.885203
2.90577	0.828873
4.54785	0.386347
4.55097	0.635069
4.78229	0.831137
5.42777	1.5774
6.14033	1.66523
6.32172	1.82846
6.40638	1.85383
6.13703	2.12002
5.62508	2.1647
5.17717	1.81704
4.68195	1.10035
4.76253	0.213192
4.47109	-0.140823
4.2754	0.00408438
4.16229	0.00305063
4.13092	0.0520852
4.06871	0.126221
3.88338	0.466333
3.92013	0.150873
3.93386	-0.0209628
3.9496	-0.249527
4.39375	-0.478272
4.76563	-0.514884
4.8697	-0.367969
4.43291	0.259508
4.8731	1.60141
4.36137	1.56499
4.39781	1.05334
4.31358	1.29401
4.96427	2.12926
5.08059	2.385
4.78241	2.44829
4.74288	2.20527
4.75281	1.95515
4.48728	2.06795
4.30947	2.06119
4.26824	2.12838
4.28967	2.15001
4.64755	2.09496
5.13769	2.01702
5.46423	2.10121
5.74892	2.0367
5.97297	1.89024
5.98788	1.94088
5.86161	2.0133
5.25195	2.03759
5.47362	2.14169
5.23992	2.15731
5.23006	2.1185
5.16841	2.12052
5.15176	2.13883
5.05807	2.12726
4.99362	2.01625
4.7749	2.02321
4.06117	1.87929
3.18297	1.43695
2.91946	1.07423
2.96388	0.992249
3.09944	1.01041
3.01258	0.991259
3.08101	0.893789
2.89329	1.01218
3.28878	0.48195
4.29939	0.319792
3.31239	0.418473
3.37961	-0.0383782
3.9145	-0.328118
4.31099	-0.429125
4.35209	-0.193848
4.37495	-0.233679
4.50032	-0.220219
4.3201	-0.252071
4.2551	-0.459456
4.3249	-0.57443
4.29407	-0.239759
4.34553	0.00139889
4.06205	-0.167134
3.9141	-0.124819
3.57618	-0.139072
3.34547	0.195472
3.06266	0.545944
2.8671	0.672321
2.96448	0.414749
2.86008	0.566106
2.86465	0.664087
2.79889	0.606833
2.86672	0.396081
2.73682	0.611313
2.81415	0.702018
2.72895	0.420959
2.79044	0.693679
2.83199	0.629818
2.97256	0.650604
3.03753	0.608306
3.13303	0.563818
3.00166	0.631618
2.8152	0.647912
2.95699	0.643905
2.92171	0.571484
3.08473	0.670387
2.99458	0.692202
2.99558	0.425813
3.11586	0.685189
3.2415	0.964428
3.52188	1.50991
3.73765	1.65254
3.84326	1.62003
5.01128	0.747069
5.95942	0.855687
5.916	1.5973
6.24247	1.58157
6.31714	1.60704
6.29138	1.53489
6.27874	1.51516
6.04819	1.43686
5.7292	1.48446
5.51433	1.32752
5.35885	1.04819
5.2612	0.635126
5.32379	0.603511
5.34061	0.125942
5.28778	0.194889
5.1635	0.0213042
5.18666	0.0464259
5.24795	0.122335
4.96014	0.456688
5.03302	1.24651
5.47066	1.69124
5.6633	1.92019
5.94303	1.86686
6.21624	1.82242
6.39074	1.84344
6.42905	1.94947
6.26585	2.13681
6.20169	2.00438
5.8142	2.23847
5.50239	2.06546
5.08892	2.09213
4.76146	1.96829
4.95722	1.82025
4.54697	1.98614
4.34012	1.97268
4.26871	1.91006
4.31162	1.4513
4.5831	0.566548
4.93176	0.00439048
5.08832	-0.155259
5.34243	0.237595
5.35989	0.859475
5.29579	1.30385
5.60237	1.42904
5.73342	1.46181
5.7305	1.61392
5.69285	1.70712
5.69184	1.66176
5.46334	1.76688
5.27068	1.60385
4.99223	1.30913
4.92234	0.766245
4.99857	0.0629824
5.25703	-0.210731
5.2606	-0.451591
4.97513	-0.582844
4.89566	-0.938353
4.9848	-0.643147
4.83561	-0.305231
4.47723	-0.131725
4.4736	-0.163694
3.92502	0.131933
3.36683	0.53059
3.52447	0.543358
3.59372	0.477503
4.53769	1.09503
6.75422	1.05141
6.18702	1.61684
5.54762	1.24212
5.96947	0.964799
6.39399	1.17111
6.55331	1.41589
6.6968	1.32928
6.72011	1.18373
6.63508	1.09293
6.41376	1.08817
6.13559	1.1182
5.73562	1.20098
5.3741	1.22923
5.27226	0.993409
4.95226	1.02035
4.87019	0.810046
4.97717	0.769621
4.92748	0.570567
4.9058	1.014
4.84496	1.20249
4.82394	1.04706
4.71219	1.40773
4.53165	1.59434
4.67633	2.0653
5.16796	2.04129
5.60742	1.97801
5.70446	2.18117
5.80138	2.18575
5.82253	2.30454
5.71297	2.4616
5.68927	2.20164
5.01269	2.64517
4.53554	2.43861
4.26457	2.18378
4.0521	2.15778
3.96324	2.04029
3.8288	1.94793
3.79186	1.90113
3.89984	1.91492
4.10317	2.1158
4.79485	2.22008
5.60063	2.22859
5.94324	2.16637
6.08639	2.07879
6.0258	2.14621
6.13504	1.92223
6.02829	1.77769
5.47196	1.99231
4.39133	1.97944
4.28515	1.96477
4.1252	2.08556
4.39157	1.7305
4.43978	1.63038
4.44694	1.82731
4.87535	1.79474
5.27958	1.68166
5.48313	1.76324
5.68241	1.83213
5.67779	1.87932
5.53681	1.61308
5.07519	1.98842
4.98655	1.83617
4.78509	2.09195
4.51154	2.20746
4.29122	2.04266
4.16733	1.91687
3.96469	1.71227
3.85444	1.57571
3.58403	1.43955
3.49589	1.27542
3.8415	0.48597
3.44899	0.662892
3.19998	0.854944
3.27551	0.87666
3.11019	0.804772
3.15296	0.793705
2.95325	0.740007
3.07706	0.426035
3.02245	0.502833
2.98399	0.460361
2.90842	0.640975
3.11086	0.831618
2.96412	0.828353
2.94514	0.665547
2.43087	0.567854
2.82477	0.62696
2.73061	0.520378
2.80462	0.833965
2.76115	0.626987
2.68425	0.51821
2.72476	0.522271
2.71728	0.487802
2.75651	0.512542
2.7615	0.581196
2.63659	0.437489
2.6715	0.488886
2.65341	0.866915
4.86442	-0.0677175
5.70738	-0.0571593
4.76037	0.239822
4.19225	0.797161
4.29435	1.81973
4.6598	1.86179
5.06403	1.73533
5.08636	2.00421
5.23816	1.9395
5.3728	1.97324
5.41989	1.85166
5.32991	2.01474
5.4402	1.86242
5.45372	1.67558
4.98598	1.70183
4.93621	1.64101
4.85613	1.66604
4.81167	1.71482
4.82993	1.65789
4.76748	1.71082
4.62482	1.73582
4.45275	1.72449
5.16827	1.35647
6.12056	1.53204
6.54052	1.34196
6.55478	1.08277
5.53103	0.943708
6.02179	1.2575
6.77434	1.41305
7.14187	1.29738
7.25313	1.27952
7.13234	1.46588
7.11247	1.51621
7.06053	1.59302
7.12107	1.48887
7.03947	1.52679
6.96312	1.46389
6.52683	1.58826
5.34444	1.7668
3.87402	1.96921
3.70629	1.70436
3.44705	1.63924
3.4062	1.3508
3.1876	1.03673
3.23723	1.11671
3.11753	0.912359
3.06873	0.902872
3.40553	0.700175
4.22899	0.677964
4.35182	1.06553
5.69518	1.70962
5.99978	1.94667
5.6414	1.78488
5.23102	1.4304
5.87583	1.82061
6.16141	1.69158
6.44123	1.69512
6.20951	1.89494
6.42218	1.8113
6.48379	1.72786
6.39564	1.66333
6.1618	2.34377
5.51909	2.19605
5.86919	2.17765
5.78096	2.1363
5.48258	1.97895
5.43589	1.8373
4.17196	1.97476
3.36105	1.54366
3.22206	1.20456
3.04359	1.18014
3.26737	1.20718
3.03448	0.889968
3.30993	0.803267
4.66698	0.42363
4.49979	0.433032
4.82731	0.404864
3.87682	0.00286428
4.08594	0.170477
3.99877	0.526987
5.27336	0.402169
5.6456	0.492552
5.34041	0.913746
5.44028	0.927402
5.42802	1.09941
5.47334	1.16189
5.5804	0.950356
5.51575	0.87877
5.32983	0.971242
5.19497	1.02682
5.24351	1.28686
5.57328	1.58036
5.68146	1.83691
5.73773	1.85889
5.5811	1.97664
5.62852	1.78581
5.22373	1.89459
4.50817	1.79019
4.25067	1.64545
4.18343	0.984998
4.26981	0.42175
4.21689	0.0734378
4.10056	-0.173966
4.09986	-0.225741
4.23068	-0.399057
4.01995	-0.499387
4.07608	-0.293633
4.23486	-0.171645
4.11828	0.0292565
3.69195	0.743241
3.7988	1.251
5.49114	1.65024
6.10825	1.53204
6.25964	1.38298
6.12598	1.57997
6.08888	1.6293
5.78353	1.75845
5.65031	1.59253
5.42215	0.905935
5.00095	0.660437
4.89358	1.02831
4.57332	1.6738
4.062	1.80727
3.39087	1.44107
3.09577	1.09562
2.91179	1.03462
2.78724	0.887833
2.77637	0.941486
2.68624	0.667655
2.85768	0.698582
4.4804	0.70354
4.34765	0.787722
5.10177	0.752079
4.70821	1.0102
3.85357	1.38164
5.16903	1.6414
5.78803	1.74881
5.91239	1.92641
6.01921	1.99955
6.05575	1.92127
5.94417	2.06382
5.89996	1.99449
5.79979	2.11771
5.78618	2.1073
5.67701	2.18765
5.47423	1.89796
4.6063	1.40642
3.95605	0.890736
4.21362	0.482672
4.47021	0.734572
4.93688	1.12735
5.08376	1.02795
5.31278	0.728937
5.38405	0.548025
4.6563	0.814435
4.85878	0.571999
4.42761	0.614597
4.27269	0.668727
4.10013	0.88397
4.0936	0.778487
3.85802	0.941547
3.18043	1.17499
2.93072	0.772898
2.78252	0.644523
2.78444	0.669314
2.72899	0.675062
2.77953	0.705942
2.81871	0.598768
2.79233	0.42559
2.79874	0.508934
2.59203	0.599798
2.76898	0.636607
2.68111	0.497933
2.70583	0.701466
4.18137	0.733691
4.17084	0.784278
4.70036	0.823338
3.97837	0.803973
3.29632	0.359722
3.2525	0.789139
3.11856	0.956195
2.91396	0.700366
2.88251	0.412901
2.87996	0.655364
2.89551	0.70989
2.7076	0.669788
2.65276	0.539165
2.75145	0.622167
2.654	0.4594
2.6721	0.440009
2.69663	0.624309
2.64906	0.505795
2.65225	0.774275
2.86964	0.407073
2.75429	0.584795
2.70991	0.580028
2.7773	0.498427
2.67556	0.632094
2.72008	0.558457
2.68177	0.616857
2.89839	0.8093
3.18287	1.21012
3.36672	1.43568
3.68084	1.45063
3.88864	1.04609
4.5543	1.53983
6.44374	1.67082
7.15231	1.46581
7.23224	1.19216
6.91711	1.13379
5.94085	1.40358
4.63297	1.50853
3.7647	1.387
3.46113	1.29655
3.3505	1.12566
3.26827	1.14358
3.15549	1.0682
5.05104	0.436715
5.37252	0.598973
4.44966	1.11329
5.94127	1.13251
6.35356	0.956665
6.36855	1.00001
6.28063	1.10056
5.95441	1.26382
5.04539	1.45629
3.95708	1.54285
3.48229	1.46862
3.32246	1.30467
3.56226	0.90133
4.33163	0.409065
4.80874	0.637817
4.85341	0.879876
4.76953	1.40094
5.89354	1.52719
6.10141	1.37618
6.07022	1.38303
6.0018	1.36513
5.83399	1.35493
5.52708	1.39811
5.21184	1.41568
4.88912	1.08028
4.87922	0.723337
4.63676	0.278948
4.35139	0.1071
3.7941	0.438285
4.32046	1.05063
4.84079	-0.0189479
4.40388	0.317257
4.50556	0.838902
4.04109	1.55912
4.32034	1.55081
4.38933	1.62108
4.52271	1.50465
5.02955	1.06246
4.73369	1.49951
4.63328	1.67365
4.47166	1.81482
4.3811	1.88601
4.36881	1.83986
4.41646	1.69867
4.32783	1.81413
4.10665	1.93149
3.95059	2.02245
3.85002	1.93511
4.12858	1.26565
4.07768	1.14209
3.74228	0.64188
3.74722	0.22337
4.1467	-0.244891
3.99627	-0.348769
4.33319	-0.651918
4.35179	-0.855936
4.53072	-0.345815
4.48812	-0.235127
4.15241	-0.215999
4.02978	0.239649
4.78345	0.862914
5.50517	0.759916
5.46096	0.836396
5.60387	0.762863
5.77079	0.716853
5.82785	0.698675
5.84233	0.623306
5.83847	0.702305
5.71219	0.856113
5.74186	0.904772
5.8558	0.928734
5.99695	0.965009
6.1423	1.11468
6.38064	1.0229
6.52749	0.914774
6.55757	0.935273
6.53385	0.99126
6.48886	1.08966
6.47076	1.09963
6.32147	1.19436
5.87206	1.37578
5.10187	1.53061
4.7192	1.88387
4.81039	1.75465
4.85114	1.59494
4.79556	1.76724
4.87654	1.71063
4.81394	1.77323
4.88128	1.8111
4.8269	1.94654
4.86903	1.81794
4.80631	1.96583
4.88932	1.99757
5.80379	1.58045
6.05707	1.49535
5.78292	1.73728
5.6811	1.6391
5.41461	1.73861
4.98674	1.79499
4.66053	1.65531
4.39929	1.3296
4.41916	1.00534
4.33875	0.494762
4.2677	0.340126
4.29191	-0.0208062
4.29419	0.341628
4.47174	0.605754
4.67034	1.20136
5.18599	1.38461
5.54309	1.31875
5.77982	1.19786
5.80695	1.32656
5.86555	1.34964
5.45151	1.42509
4.50925	0.716202
4.95115	0.215333
5.4781	1.13688
5.89344	1.47219
6.07413	1.5773
6.04871	1.55228
5.94609	1.63528
5.89756	1.5863
5.71114	1.84226
5.78586	1.7563
5.74097	1.78345
5.69974	1.83829
5.59291	1.86356
5.51066	1.79677
5.36987	1.78255
5.37779	1.88933
5.67742	1.76607
5.8764	1.77694
6.15323	1.67908
6.42263	1.513
6.44522	1.5513
6.39083	1.69556
6.30076	1.78455
6.15926	1.77864
5.86211	2.00427
5.63534	2.06555
5.33002	1.99168
4.90516	1.87965
4.85344	1.03471
5.0545	0.406151
4.70602	0.0299501
4.31739	-0.336466
4.69348	-0.568328
4.48368	-0.538005
4.42617	-0.190718
4.26786	-0.16832
3.96525	0.126428
3.51855	0.752556
3.8181	1.49522
4.36437	2.05319
4.84587	1.95175
4.67517	2.01383
4.71671	1.81752
4.53989	1.89546
4.51682	1.64679
4.32863	1.67215
4.07119	1.60154
3.80534	1.50038
3.35672	1.51157
3.13351	1.29044
3.01153	1.2202
2.92812	1.23518
2.92041	0.858978
2.8491	0.829835
3.89339	0.841995
5.29439	0.523914
4.80642	0.596939
5.01933	0.653227
5.64367	0.901102
5.56926	0.935179
5.23254	1.33787
4.42173	1.68965
4.38879	1.76285
4.29257	1.94049
4.24517	1.971
4.16153	1.92359
4.06031	1.92489
3.8106	1.91056
3.58812	1.77734
4.29324	0.941992
4.71333	-0.0951277
4.15691	-0.21135
4.04659	-0.124069
3.96759	-0.279996
3.64172	-0.0671176
3.54569	-0.210126
3.44406	-0.0903378
3.34688	0.148808
3.1254	0.407109
2.99278	0.576351
3.24061	0.534844
4.43853	0.666354
4.86852	0.721884
5.33212	1.61202
5.43305	0.743963
4.15008	-0.342501
4.70627	-0.708521
4.57512	0.15864
5.58193	1.20701
5.80447	1.252
5.67523	1.33434
5.21124	1.38401
4.7365	1.28452
4.52574	0.548551
4.58382	-0.0790281
4.46819	-0.0770889
4.52139	-0.33826
4.38579	-0.505945
4.33422	-0.335621
4.25851	-0.30837
4.10069	0.0833127
3.979	0.673725
3.84577	1.11347
3.77558	1.09579
3.86932	1.05836
3.73599	1.55212
5.24229	1.78623
5.74834	1.76987
4.99601	1.96998
5.59692	1.88614
4.86865	2.17415
5.1398	2.05208
3.79401	1.43963
3.60196	1.16033
4.2505	2.16114
4.77956	2.29888
3.82221	1.7115
3.60094	1.79404
4.04808	1.78399
3.95368	1.77939
3.81739	1.75833
3.78708	1.65935
3.57032	1.71936
3.45798	1.71612
3.5607	1.55223
3.32512	1.55177
3.16143	1.41051
3.17435	1.52892
3.0842	1.29492
2.72538	0.917726
2.85728	0.822299
4.433	0.0822372
3.92442	-0.146018
3.81616	-0.786415
4.08727	-0.796558
4.23007	-0.724458
4.13085	-0.644133
4.13844	-0.597723
3.99809	-0.612695
3.8906	-0.471494
3.83034	-0.62325
3.59028	-0.50946
3.37996	-0.23799
3.18426	0.100264
2.99746	0.634521
2.77039	0.610072
2.60759	0.677413
2.80985	0.641665
2.78016	0.596073
2.72893	0.637988
2.66516	0.532567
2.73486	0.485087
2.67468	0.467363
2.66782	0.491487
2.81199	0.305565
2.59857	0.478219
2.58911	0.529439
2.831	0.557281
2.87426	0.712039
2.87005	0.612406
2.79043	0.627177
2.90055	0.803219
2.82483	0.664857
2.72447	0.680406
2.68605	0.486829
2.86212	0.60508
2.87409	0.494692
3.08173	0.84623
3.20477	1.04485
3.44167	1.12979
4.32009	0.21921
4.85335	-0.0401483
5.09112	-0.0650636
5.16974	0.00682134
5.45836	0.0784556
5.87116	-0.0143415
6.04121	0.28692
6.72499	0.282466
6.97773	0.567634
6.9933	1.08266
6.93297	1.35891
6.79722	1.68278
6.58559	1.77962
6.11487	2.03876
5.56414	1.98445
5.13542	1.80232
5.14856	1.81707
5.24932	1.70396
5.19944	1.76694
5.3723	1.53751
5.75394	1.42826
5.6601	2.35571
6.00592	1.97371
6.04199	1.88586
6.00997	1.83989
5.94206	1.85158
5.86529	1.72869
5.4129	1.78461
4.28459	1.77482
3.62187	1.67012
3.50044	1.65888
3.32573	1.74748
3.38855	1.3527
3.18598	1.09831
5.02449	-0.270768
5.34724	0.0666878
5.36115	0.600358
4.48543	0.581306
5.09922	1.58678
6.00866	1.26619
6.19566	1.0403
6.16881	1.01791
5.84918	1.04187
5.1648	1.07987
3.95686	1.3783
3.37434	1.46594
3.72066	1.28613
3.80537	1.24472
4.02888	0.351395
4.12736	0.273088
4.83335	0.473586
4.9087	1.10782
5.28484	1.18151
6.36369	1.63402
6.17939	1.88619
6.74171	1.49095
6.66333	1.47851
6.67805	1.43602
6.49094	1.44574
6.43376	1.50304
6.60566	1.40891
6.39494	1.65696
6.1282	1.87956
5.79428	1.90654
5.07232	2.18849
4.78438	2.017
4.7558	2.06809
4.90321	1.97494
4.93573	1.88856
4.95486	1.79641
4.98186	1.83462
4.94395	1.91655
5.1038	1.69463
5.08493	1.78226
5.13383	1.70192
5.13208	1.61131
5.1618	1.54848
5.08285	1.54853
5.07908	1.68897
5.56747	1.69641
5.74654	1.60678
5.7782	1.54439
5.89656	1.45013
5.97867	1.42318
5.98903	1.4722
5.98732	1.46607
5.89455	1.48929
5.73461	1.49541
5.26763	1.59324
4.61614	1.6458
3.97251	1.78298
3.79549	1.66182
3.54091	1.5937
3.36986	1.69997
3.23786	1.43797
3.35009	1.23827
3.36621	1.3441
3.78408	1.6783
4.40703	1.80553
5.11117	1.86135
5.50426	1.99576
5.93033	1.68797
6.02477	1.49835
6.02297	1.47162
6.24816	1.42365
6.56524	1.29374
6.70788	1.27048
6.5225	1.52704
6.34574	1.61256
6.34226	1.64249
5.91188	2.06395
5.54513	2.00031
6.03108	1.77762
5.81642	1.90463
5.92507	1.79253
6.42531	1.61618
6.0017	1.75206
6.62205	1.56913
5.87977	1.71725
6.50825	1.45934
5.97736	1.51344
6.2465	1.34596
5.78609	1.75198
5.97922	1.59454
6.04847	1.70429
6.22548	1.68335
6.27713	1.77006
6.30813	1.70944
6.16679	1.8764
5.79621	2.27848
5.45377	2.53645
5.16914	2.43986
4.73973	2.25043
4.59908	1.92016
4.35002	2.01387
4.13979	2.20616
4.05603	1.93435
3.85916	1.8085
3.66247	1.76117
3.66101	1.59745
3.62496	1.46128
3.59116	0.701093
3.89065	-0.132249
3.92471	-0.288428
4.45706	-0.419079
4.32056	-0.419027
4.36975	-0.448071
4.52387	-0.428468
4.39847	-0.384123
4.39251	-0.363174
4.00172	-0.290285
3.85869	0.188154
3.82129	0.601664
4.91224	1.11418
5.64167	1.1415
5.93579	0.875689
5.95648	1.01295
6.08744	1.1703
6.12926	1.39886
5.9434	1.43307
5.82226	1.73014
5.10469	1.73757
4.65904	1.46717
4.52773	0.863575
4.543	0.33748
4.68014	-0.00160409
4.57326	-0.292209
4.72925	-0.568672
4.62632	-0.459091
4.69217	-0.200278
4.2228	0.359821
3.16565	0.969591
2.87267	0.68141
3.08155	0.665783
3.09101	0.634092
3.21928	0.606709
4.74783	0.655062
4.86863	0.197095
4.95754	0.910999
5.56508	1.73513
5.11644	1.978
5.21524	2.10815
5.71279	1.93484
5.99264	1.99562
5.89561	2.22836
5.81463	2.23416
5.75221	2.11635
5.57756	1.99535
5.2735	1.85938
5.13074	1.87999
4.65971	1.896
4.27029	1.75508
4.12816	1.22444
4.2072	0.560314
4.35614	0.239846
4.25932	0.0681619
4.30799	-0.12415
4.29286	-0.271916
4.40177	-0.28649
4.26302	-0.0746749
4.09236	0.0731244
3.9179	0.24821
3.82329	0.488804
3.95822	1.03641
5.02283	0.987727
4.95569	0.891295
4.5262	1.16694
4.09813	1.1995
3.65504	1.147
3.21623	1.23129
2.96203	0.973722
2.7948	0.824103
2.83045	0.739211
2.87764	0.62774
2.891	0.639718
2.75177	0.61398
2.92825	0.717936
4.35605	1.44005
4.28608	1.49436
3.36891	0.942904
3.77535	1.51109
3.40135	1.21982
3.27898	1.29178
3.7291	1.77768
4.10599	2.31134
4.17002	2.38984
4.08723	2.22878
3.97711	2.01609
3.95378	1.97275
3.90747	1.99063
3.875	1.88315
3.66862	1.9059
3.54839	1.70099
3.35893	1.57208
3.24873	1.21548
3.05031	1.10042
2.83998	0.833622
4.98831	0.660849
5.09253	0.544547
4.39425	0.261014
4.06708	0.489446
3.80112	0.662866
3.62262	0.737362
3.66229	0.946323
4.03658	1.36386
4.74322	2.04825
4.81947	2.02324
5.36468	1.908
5.91142	1.97928
6.14296	1.70245
5.95133	1.75114
5.27633	2.17609
4.92482	2.0719
4.71135	2.02125
4.41802	2.04029
4.27043	1.92524
3.99731	2.07338
3.82025	2.00507
3.6297	1.91645
3.56782	1.93182
3.52137	1.69673
3.3487	1.63899
3.19722	1.32678
3.15992	1.18434
3.16095	1.1669
3.12535	1.21533
3.17748	1.25411
3.17101	1.31878
3.27927	1.03488
3.19835	1.10289
2.99029	0.790126
2.95554	0.868268
2.86855	0.863104
2.86101	0.650844
2.8444	0.505193
2.80015	0.716902
2.85583	0.603866
2.84561	0.649431
2.76539	0.668822
2.74347	0.654474
2.81012	0.567854
2.22118	0.555664
2.55449	0.592057
2.65414	0.441452
2.67695	0.589973
2.66238	0.73713
2.84199	0.604306
4.10484	1.42503
5.42983	1.42511
3.51262	1.34832
4.04022	1.70373
5.01784	1.50082
6.00121	1.41251
6.16728	1.39378
6.74465	1.51939
6.62411	2.10695
6.64956	1.97511
6.78817	1.7281
6.59811	1.87051
6.46726	1.87727
6.3402	1.904
6.2497	1.99411
6.28858	2.00956
6.33565	2.06159
6.54148	1.907
6.81207	1.71045
7.02813	1.42017
7.12525	1.32704
7.04865	1.4346
6.98328	1.48439
6.8248	1.60671
6.58033	1.78624
6.07812	2.05629
5.13728	2.21587
4.60463	1.78346
4.51202	1.79055
4.23716	1.85555
3.98781	1.80679
3.77189	1.93641
4.79117	0.293242
4.38428	0.215695
4.55236	-0.232837
4.65255	-0.423256
4.79473	-0.299954
4.94026	-0.273912
4.86917	-0.0306207
4.85944	0.625505
5.03278	1.10972
5.23714	1.28538
5.18521	1.15395
5.15498	1.11978
5.17314	0.936795
5.0736	1.00414
5.00167	0.950832
4.94392	0.858337
4.96018	0.655283
4.84846	0.526885
4.71088	0.71496
4.74074	0.720867
4.55864	0.730561
4.16637	1.03568
3.98127	1.13739
3.86567	0.951314
4.08773	0.897613
4.20677	1.24441
4.63809	1.37776
5.09813	1.74714
5.68645	1.63971
6.023	1.6418
6.18928	1.64876
6.29425	1.4968
6.36175	1.31558
6.31451	1.32708
6.35279	1.10083
6.3067	0.941407
6.14542	0.951002
5.96089	1.07985
5.98911	0.819325
6.06669	0.604146
6.15879	0.424202
6.25439	0.429601
6.37191	0.474823
6.43733	0.574539
6.47253	0.711639
6.40286	1.14125
6.48346	1.19392
6.18071	1.57079
6.12329	1.75784
6.08028	1.83326
5.73102	2.03322
5.52595	2.16341
5.6144	2.02705
5.32681	1.9476
5.13384	2.05805
4.96085	2.31831
4.75819	2.06347
4.59567	1.94426
4.34812	1.87561
4.21774	1.83175
4.15395	1.93087
4.07995	1.73024
3.97176	1.65694
4.02499	1.63016
4.1926	0.925979
4.44838	0.535728
4.7335	-0.00126868
5.00039	-0.391664
4.9763	-0.664668
4.91772	-0.373717
4.72407	-0.557148
4.46626	-0.181936
4.28889	-0.0764137
4.04015	0.415407
3.68735	1.12642
5.51461	1.74911
6.10999	1.76559
6.14784	1.90788
6.23387	1.8618
6.06043	1.9276
5.81961	2.00103
5.45542	2.1337
5.083	2.09917
4.63788	2.15919
4.40511	2.047
4.09282	1.98667
3.82039	2.02514
3.62165	1.83815
3.46778	1.41419
3.09581	1.47879
3.19366	1.20002
3.00283	1.03167
2.76125	0.912696
3.14999	1.04584
3.5796	1.28193
3.21042	1.1789
3.31594	1.14415
3.2433	1.40625
3.15463	1.32503
3.8049	1.78597
4.9099	1.89861
5.19673	1.64929
5.21518	1.92886
5.2997	2.00114
5.42549	1.83854
5.54403	1.68976
5.39149	2.00947
5.48801	1.76963
5.5673	1.49833
5.73169	1.2536
5.97189	1.40665
5.90771	1.85536
6.05995	1.73117
6.05344	1.69204
6.16361	1.48101
6.17328	1.38664
5.40453	1.48256
4.98922	1.64653
5.22754	1.58926
4.92932	1.40101
4.64433	1.39188
4.18981	1.58955
3.94171	1.45727
3.79888	1.18276
3.58711	1.35292
3.42836	1.08159
3.32389	1.05586
3.09331	1.10419
2.94965	1.18192
2.82474	0.966972
2.8856	0.839693
2.76629	0.939111
2.68416	0.717568
2.65684	0.722207
2.76552	0.627386
2.72712	0.529367
2.6727	0.81131
2.19774	0.472328
2.66312	0.562596
2.56703	0.49971
2.636	0.427365
2.63016	0.637315
2.86136	0.527238
2.56953	0.405598
2.57126	0.489778
2.55748	0.627833
2.54946	0.693535
2.59692	0.758316
2.54537	0.686431
2.66982	0.999616
3.37194	1.63128
4.19671	1.59127
4.16858	1.59606
4.79061	1.51457
4.88266	1.73392
5.03031	1.52832
5.51048	2.03461
6.02367	2.10743
6.3258	1.90073
6.34066	1.90651
6.33269	1.8102
6.04228	1.92534
5.81541	1.80401
5.3457	1.68021
5.06717	1.43595
4.76578	1.48989
4.91701	1.28599
5.2612	1.2289
5.76433	1.14763
5.8403	1.12714
5.80692	1.10203
5.66199	1.21334
5.51706	1.43553
5.06484	1.53113
4.81534	1.30066
4.578	1.02997
4.50016	0.611716
4.59299	0.531597
4.72454	0.488744
5.02689	0.458282
5.25999	0.74652
5.39542	1.19602
5.17944	1.70573
5.00742	1.83907
4.96031	1.99075
4.93166	1.91754
5.01722	1.81057
5.07068	1.6383
5.09298	1.50233
5.0265	1.1695
5.02382	0.735432
5.12705	0.180863
5.15604	-0.111
5.00303	-0.208696
4.9686	-0.633112
4.86759	-0.733651
5.0777	-0.963032
4.77403	-0.909842
4.75684	-0.923722
4.72225	-0.718515
4.60062	-0.800869
4.5912	-0.763407
4.46128	-0.503253
3.99262	0.28109
5.21466	1.28625
6.12043	1.17277
6.2857	1.15933
6.32135	1.22243
6.42605	1.22634
6.438	1.32066
6.47736	1.40453
6.49945	1.48498
6.52565	1.54543
6.38117	1.69731
6.26667	1.82733
6.15878	1.84435
5.9646	1.9329
5.80326	2.01295
5.82	1.90727
5.76271	2.09828
5.81385	2.03233
5.87522	1.97403
5.86814	2.06152
5.91975	2.01795
5.99648	1.957
6.14522	1.87793
6.13654	1.95425
6.07251	2.00297
6.01679	2.03547
5.81838	2.00412
5.43575	1.78624
5.22255	1.48637
5.07941	1.74798
4.49088	2.01336
4.29447	1.90533
4.2135	1.275
4.76841	0.9916
4.64515	0.216117
4.6361	-0.140429
4.51655	-0.500866
4.81262	-0.740048
4.98088	-0.733345
4.90313	-0.655458
4.90731	-0.458572
4.82867	-0.0871663
4.59466	-0.28068
4.5621	-0.0932362
4.33503	0.478041
3.94071	0.748842
3.85435	1.3747
5.14661	1.67138
5.17289	1.914
5.03915	2.077
5.05323	2.11823
4.87295	2.17697
4.63164	1.74732
4.64003	1.88353
4.63655	1.81966
4.55562	1.79973
4.57366	1.70884
4.57627	1.69797
4.50305	1.68817
4.47896	1.61311
4.39662	1.81534
4.27919	1.92234
4.30413	1.74046
4.32041	1.46366
4.06144	1.65321
3.96691	1.69816
4.74127	1.13549
5.96369	1.05243
6.67875	1.05002
6.91141	1.04054
7.09307	0.842962
6.82703	1.13372
6.50891	1.38854
6.33246	1.44044
6.01657	1.62457
5.40886	1.49334
3.90251	1.51883
3.39707	1.30183
3.48472	1.33135
3.23584	1.21907
3.28083	1.24097
4.18943	-0.000936781
4.35714	0.0167941
4.91886	-0.565606
4.89439	-0.621913
4.61505	-0.473833
4.3394	-0.240603
4.33731	0.0826895
4.15912	0.392415
4.38031	1.39312
5.45443	1.8485
5.73854	1.7701
6.10779	1.61005
6.2159	1.77972
6.21775	1.9279
6.33676	1.64239
6.01172	1.59931
4.40745	1.69416
3.23738	1.62259
3.16944	1.38401
3.00605	1.25076
4.00204	0.575649
4.94075	0.482969
4.62343	0.971203
3.51809	1.2134
4.87466	1.35589
5.97624	1.49428
5.6749	2.04242
5.58746	2.02866
5.32564	1.98476
4.82439	1.99136
4.40043	1.90943
4.51254	1.90438
4.52365	2.00154
4.54799	1.93884
4.50972	2.0356
4.6069	1.94852
4.69563	1.68269
4.80033	1.30753
5.01186	0.954533
5.23135	0.691871
5.42089	0.501782
5.51036	0.448764
5.43625	0.719627
5.39433	1.0176
5.2755	1.34423
5.1639	1.59237
5.13951	1.70366
5.14631	1.79695
5.21925	1.77097
5.18147	1.82499
4.92115	1.84694
4.90836	1.62885
4.97806	1.49517
4.94897	1.58717
4.9314	1.65942
5.02963	1.56434
5.16066	1.84333
5.52066	2.02384
5.9182	2.03132
6.15079	1.90523
6.22814	1.83818
6.15819	1.95957
6.07961	2.02806
5.90887	2.14892
5.49956	2.26212
5.02096	2.0484
4.68524	2.05331
4.45104	2.14058
4.21986	2.03893
3.84079	1.99088
3.64807	1.82616
3.40792	1.58204
3.07111	1.56362
2.96886	1.24718
2.84529	0.999775
2.9393	1.00966
3.3327	0.68048
3.94093	0.718599
4.2286	0.421699
4.03433	0.313057
5.28672	0.320444
5.65835	0.752831
5.78794	1.20334
5.94986	1.02631
5.93203	0.953126
5.83491	0.964221
5.74371	1.01992
5.54434	1.14732
5.17307	1.30379
4.85598	1.09446
4.93043	1.02727
4.8807	0.716222
5.00886	0.632827
5.02964	-0.05337
4.79434	-0.049181
4.8283	0.0227826
4.77541	-0.153371
4.50453	0.0575647
4.44964	0.446237
4.24274	0.653875
4.33056	1.41194
5.42319	1.97676
5.60671	1.96341
5.67263	2.05746
5.85554	2.01457
5.84075	2.22005
5.84783	2.12029
5.64055	2.14657
5.39592	1.89076
4.91637	1.84461
4.34488	1.66656
4.33309	0.586432
4.42301	0.0534192
4.47368	-0.569603
4.60618	-0.827131
4.72382	-1.06823
4.6992	-1.09033
4.84138	-1.12858
4.81701	-1.05184
4.68831	-0.749207
4.40069	-0.336448
4.05397	0.224896
3.62404	0.691789
5.14775	1.29819
5.9436	1.67305
5.88788	1.87392
5.89111	2.20699
5.94044	2.17737
5.83422	2.16142
5.77927	1.85525
5.64441	1.65
5.41431	1.57358
4.87629	1.65165
3.92839	1.47222
3.20759	1.58757
3.16028	1.29791
3.16698	1.18051
3.13553	1.08796
3.32594	1.04087
3.03804	1.05818
3.13448	1.35753
4.05977	1.83275
4.20497	1.99459
4.35953	2.06212
4.42846	2.1688
4.37037	2.09043
4.3966	2.01801
4.2348	2.0953
4.17295	2.05491
4.11613	2.04012
4.01811	2.12965
3.96282	2.00513
3.81505	2.04338
3.77794	1.8731
3.69069	1.99265
3.82088	1.73626
4.59687	1.52345
5.24777	1.32422
5.42528	1.34559
5.46626	1.43176
5.4134	1.21099
5.40256	0.811674
5.71192	1.10858
5.81114	1.47371
5.90849	1.52485
6.02968	1.41666
6.06905	1.37454
6.11421	1.34206
6.04241	1.3534
5.75499	1.3611
4.74865	1.68251
4.71516	1.62898
4.79776	1.71507
4.92869	1.42624
4.95615	1.43671
4.77185	1.7216
4.46964	1.76795
4.3141	1.75608
4.12516	1.46236
3.71985	1.61511
3.49461	1.51742
3.82787	0.866222
3.86874	0.262535
3.93494	-0.0599249
3.70514	-0.260536
3.90558	-0.382144
3.89644	-0.580159
3.92023	-0.482709
3.88008	-0.548063
3.89737	-0.374441
3.8935	-0.513281
3.87743	-0.493474
3.82697	-0.56156
3.20743	0.940973
2.78231	0.556274
2.70356	0.658704
2.82039	0.550743
2.91598	0.679918
2.93336	0.586567
2.93521	0.65567
2.97065	0.743863
3.13928	0.832651
3.2995	0.967698
3.28504	1.01312
3.14276	1.33835
4.15411	1.97664
5.10968	2.21776
5.40467	2.2341
5.55325	2.10214
5.37429	2.22837
5.07573	1.91997
4.67612	1.90088
4.6986	1.96665
4.6964	1.93906
4.73895	1.93145
4.88749	1.90448
5.65521	2.09005
5.66672	2.59915
5.83555	2.58863
6.2083	2.132
6.22654	2.18081
6.09224	2.4502
6.04715	2.37633
6.03855	2.21964
5.671	2.42193
5.35915	2.54382
5.26785	2.4979
5.24662	2.24246
5.03599	2.29435
4.80415	2.27837
4.41955	2.15059
4.04565	1.55203
4.49203	0.745136
4.54387	0.291154
4.46172	0.564433
4.32721	0.513371
4.35517	0.357449
4.30115	0.501957
4.35549	1.74451
5.51911	2.13167
5.74757	2.12314
5.84763	1.94217
5.9714	1.8328
5.94259	2.04773
6.06453	2.06791
6.07685	2.06027
6.21889	1.96811
6.49821	1.65026
6.66712	1.51313
6.89867	1.22133
6.98627	1.01353
6.9216	0.855346
6.50856	0.925885
5.63791	1.36285
4.65608	2.06873
4.73515	1.88144
4.73398	1.88213
4.54761	2.03905
4.46281	1.71671
4.32586	1.73073
3.96342	1.71838
3.73948	1.50721
4.19109	0.503086
4.1267	0.0964888
4.47765	-0.16957
4.89663	-0.458653
4.97779	-0.65581
4.98906	-0.78979
5.07323	-0.804442
5.14825	-0.538318
4.70435	-0.187762
4.3754	-0.16788
3.57126	-0.0461416
3.22567	0.523053
3.29982	0.521038
3.72155	0.495471
4.12491	0.484501
5.31338	1.16966
6.05712	0.944222
6.18239	0.976152
6.33527	1.01579
6.23198	1.21967
6.00588	1.04333
5.39951	-0.105668
5.48486	0.922549
6.4397	1.33519
7.06473	1.16658
7.36544	1.19186
7.38904	1.10953
7.33491	1.26642
7.22934	1.36534
7.17162	1.35228
6.95283	1.51012
6.54526	1.92348
6.34965	1.93889
6.24202	1.65037
6.00061	1.72129
5.71653	1.64885
4.68154	1.69735
3.74118	1.48286
3.63892	1.28457
3.48645	1.27578
3.3525	1.31586
3.43109	1.00057
4.56066	0.89232
4.82086	0.983674
4.41184	1.70001
6.22772	1.88154
6.63424	1.77014
6.68242	1.86705
6.33317	2.08202
5.64477	1.96232
4.4264	2.01194
4.57287	1.95831
4.3377	1.84654
3.60609	1.34942
3.46617	1.35362
3.24833	1.30577
4.09038	1.05002
3.95806	0.947069
5.10222	0.654712
4.91575	1.03088
4.35057	1.27802
5.67478	2.21283
6.38607	1.95445
6.48103	1.81093
6.25968	1.8988
5.52433	2.05094
5.02568	2.06047
5.15411	1.99112
5.23712	1.8865
5.215	1.97806
5.60571	1.89103
5.80412	1.99576
6.50671	1.68053
6.69445	1.69209
6.92137	1.54456
7.06593	1.4695
7.05341	1.49538
6.97796	1.56829
6.66244	1.78844
6.16177	1.8527
4.45294	1.84215
3.77586	1.72408
3.66672	1.79003
3.56015	1.58187
3.36616	1.29901
3.92234	0.698735
4.96284	0.492322
5.26238	0.498819
5.36926	0.776017
6.10412	0.589058
6.40014	0.222566
6.40348	0.0996896
6.11267	0.188385
5.08571	0.703107
4.0789	1.09092
3.68223	1.43979
3.6335	1.38406
3.43699	1.60568
3.48317	1.59003
3.44219	1.30743
3.49604	1.40297
3.54893	1.32997
3.52002	1.40813
3.5797	1.38983
4.4076	0.92514
5.68396	0.767168
5.4741	1.4407
6.18077	1.6641
6.17396	2.17815
6.32635	2.00684
6.33311	1.99725
6.22019	2.07582
5.70022	2.20512
4.69285	2.0669
3.7817	1.93179
3.4022	1.57856
3.93489	1.36749
3.45541	1.36587
3.16181	1.11554
3.12265	1.06336
3.17667	0.582176
4.40717	0.344214
4.41074	0.524973
3.56487	1.02278
3.38672	1.2058
3.27292	1.34867
3.56057	1.64097
4.63648	2.17255
4.76241	2.17478
4.70618	1.80695
4.47052	1.88515
4.55125	1.80462
4.49785	1.93264
4.58179	1.87532
4.65537	1.86912
4.80608	1.62599
4.71312	1.7433
4.57692	1.86924
4.52745	1.86172
4.50496	1.89151
4.43458	1.88298
4.44157	1.82963
4.84764	1.63857
5.85484	1.68663
6.32235	1.57503
6.34662	1.72241
6.24055	2.00174
6.06459	2.20836
6.0965	2.14002
6.28719	1.79031
6.37041	1.59029
6.02654	1.48486
5.32895	1.36076
5.78367	1.40137
6.09169	1.57828
6.36173	1.58248
6.43883	1.52123
6.41915	1.42841
6.20704	1.68489
5.98974	1.8235
5.72154	1.82699
5.5012	1.66838
4.99979	1.60737
4.6378	1.10402
4.66675	0.332999
4.68798	-0.521693
4.52386	-0.646482
4.72303	-0.83399
5.02586	-0.705025
5.03811	-0.485675
4.78275	-0.617336
4.44511	-0.180442
4.35642	0.635304
4.86275	1.77317
5.67738	1.77925
5.84193	1.80836
5.96927	1.90985
6.05943	2.03493
6.00583	1.98249
5.53746	1.95658
4.21246	1.47036
3.81284	1.20501
5.60946	0.350663
5.43874	0.516367
4.02077	1.03038
4.16646	1.28287
4.93282	1.75367
5.61583	1.96096
6.06361	1.78651
6.34555	1.68243
6.43746	1.6084
6.46483	1.73693
6.34098	1.94535
6.20496	1.99058
6.09828	1.96289
5.99474	1.95583
5.84466	1.9979
5.70103	2.03002
5.50803	2.02949
5.01915	2.0401
5.03987	1.98765
4.28269	1.97082
4.66823	1.89394
3.98164	1.75206
4.37356	1.84368
3.82677	1.90129
3.94886	1.84149
3.764	1.68745
3.63861	1.58848
3.5822	1.66635
3.4376	1.62837
3.25843	1.29474
3.08899	1.1983
3.13651	0.970278
3.00135	0.832779
3.48188	0.427419
4.4783	0.120633
3.02911	0.700151
2.99182	0.810163
2.89422	0.699488
2.85431	0.627216
2.83435	0.805364
2.88454	0.739735
2.9022	0.384782
2.84878	0.597383
2.75686	0.612576
2.31739	0.657842
2.65888	0.530773
2.57639	0.801313
2.69696	0.448349
2.58576	0.439032
2.45901	0.428275
2.59876	0.489814
2.50418	0.464343
2.49076	0.43636
2.45105	0.391938
2.66609	0.829757
3.38118	1.81982
4.51091	2.01409
4.7739	2.06406
4.8824	1.94792
5.02309	1.85198
5.11285	1.76906
5.01396	1.50722
4.97078	1.52933
4.92226	1.56133
4.83671	1.53885
4.94625	1.55275
4.92031	1.57662
4.89647	1.56818
4.83476	1.61416
4.77911	1.59182
4.87866	1.61348
5.34924	1.70031
4.92275	2.1797
4.92124	2.16106
5.02393	2.00312
5.03665	1.87421
4.86645	1.35867
5.05617	0.326708
4.84764	-0.157679
5.01454	-0.463911
4.9852	-0.633828
4.93106	-0.607347
5.01839	-0.485767
4.86102	-0.366085
4.72032	-0.29364
4.48488	-0.0582721
4.52554	0.470508
5.79046	1.26946
6.31189	2.00406
6.59715	1.76701
6.86614	1.65944
7.15878	1.26609
7.37588	0.890028
7.33024	0.675075
7.23932	0.374872
6.94826	0.122165
6.48836	-0.00785312
5.61944	0.162811
4.37305	1.41874
4.21574	1.71549
4.35291	1.50097
4.03828	1.67358
3.74738	1.41103
3.63037	1.39991
3.58955	1.35565
3.44259	1.1229
3.35403	1.38861
4.75802	0.837562
5.53283	0.99092
6.08573	1.52529
6.48375	1.77119
6.39407	1.94641
6.2452	1.99893
6.03681	2.00882
6.26518	1.83267
6.5029	1.61115
6.60619	1.50945
6.7384	1.51897
6.69513	1.51761
6.42274	1.66325
6.18809	1.69169
5.72261	1.79524
4.87789	1.7235
3.78134	1.8931
3.22726	1.64024
3.12449	1.40539
3.3806	1.62604
3.65452	1.6004
3.2107	1.3389
3.28871	1.31466
3.14131	1.37747
3.08773	1.4777
4.20406	1.73681
5.28784	1.76789
4.72515	2.09274
4.59335	2.06491
5.08967	1.94194
5.0082	2.06657
5.09856	1.94455
5.07947	1.84216
5.1873	1.74817
5.21327	1.79748
5.11026	1.8659
4.62822	1.71976
4.46437	1.77066
4.62914	1.61005
4.59904	1.72503
4.69086	1.77564
4.70409	1.82762
5.04139	1.41949
5.49149	1.41916
5.48427	2.07719
5.49195	1.99431
5.48844	2.07392
5.50723	2.0562
5.54079	1.89703
4.79753	2.19517
4.16489	1.7382
4.00744	0.720123
4.12747	0.115931
4.28383	-0.276992
4.42535	-0.558364
4.42804	-0.861063
4.53044	-0.969643
4.55016	-0.917723
4.46386	-0.669327
4.3314	-0.519769
3.96387	0.0659589
3.60387	0.61008
5.37334	1.26913
5.50995	1.74628
5.63195	1.87965
5.69007	1.85238
5.673	1.9236
5.70908	1.85855
5.84159	1.78893
6.03832	1.6835
6.20502	1.63139
6.24535	1.79437
6.29965	1.88218
6.26095	1.92223
6.24593	1.89406
6.09216	1.95534
5.9149	1.93573
5.73396	1.94677
5.47816	1.97965
5.15342	1.25618
4.89996	0.698248
5.32853	1.31748
5.09574	1.94268
4.79903	1.66593
4.32762	1.70437
4.5979	2.07486
4.72949	2.06459
4.67861	2.20348
4.82037	1.95068
4.89603	1.88397
5.08022	1.6774
4.9122	1.59005
4.59372	1.47186
4.72227	1.00645
4.64829	0.575277
4.72812	0.208432
4.81873	-0.0699963
4.70861	-0.136437
4.83844	-0.0719311
4.82033	-0.0261457
4.7749	0.0297215
4.85494	0.170459
4.96424	0.462754
4.97409	0.628422
4.99345	0.879529
5.39049	0.746124
5.50448	0.837594
5.65434	0.936063
5.73546	0.995589
5.70621	1.31195
5.90728	1.24264
6.12268	1.0928
5.68074	1.16864
5.84402	1.05892
4.88423	1.42543
5.22132	1.11359
4.47243	1.39424
3.99244	1.38075
3.61971	1.37852
3.27617	1.10661
3.15314	1.08438
2.85117	0.77264
2.75211	0.553691
2.62215	0.658412
2.68186	0.936105
2.67835	0.749382
2.67651	0.702549
2.51081	0.605538
2.68877	0.515383
2.55008	0.626973
2.70292	0.660695
2.56532	0.576161
2.48935	0.823558
2.89878	0.526734
2.88959	0.702871
2.95443	0.535453
2.88062	0.582769
2.79026	0.503101
2.88129	0.410854
2.90213	0.519823
2.87432	0.624684
2.68142	0.600255
2.83544	0.587449
2.72245	0.648109
3.86924	1.23595
5.03128	1.20678
3.7491	0.888478
3.49239	0.882588
4.25429	1.4135
6.13888	1.37112
6.33505	1.04366
5.7638	1.3056
5.26343	1.3592
4.99627	0.947273
4.90569	0.334062
4.89271	-0.132879
4.83227	-0.417238
4.87321	-0.36275
4.9523	-0.479855
4.81164	-0.341012
4.66468	-0.227727
4.40011	0.195046
5.15544	1.28132
5.75638	1.32935
5.93969	1.39006
6.00067	1.43239
6.01587	1.39594
5.87135	1.59983
5.59433	1.6823
5.39691	1.63563
4.85077	1.77967
4.52091	2.03411
4.50133	2.01761
4.54132	2.04495
4.41103	2.05937
4.36827	2.081
4.25875	1.95254
4.24534	1.83458
4.06154	1.93939
3.96355	1.76281
5.25397	0.848884
5.15082	0.923493
5.27879	0.753719
5.68918	1.06099
6.08544	1.30619
6.39799	1.3255
6.53366	1.41215
6.56609	1.57092
6.65783	1.57122
6.66937	1.58132
6.57779	1.5821
6.34728	1.76036
6.23802	1.66621
5.79217	1.86667
5.08918	1.88682
4.13873	1.94024
3.58924	1.75038
3.50502	1.59352
3.31394	1.20344
3.44634	1.07239
4.40888	1.3833
5.15589	1.69737
5.62371	1.50631
5.79928	1.51287
5.77794	1.49159
5.70089	1.52519
5.52225	1.6677
5.23434	1.85111
4.99059	1.99824
4.92119	2.00719
4.82809	1.97967
4.68133	1.90906
4.60781	1.76581
4.3056	1.91816
4.01175	1.86488
3.63732	1.59894
3.42957	1.19925
3.03511	1.05937
3.13046	0.736988
5.29917	0.0623099
5.14746	0.260103
4.67828	0.29936
5.42362	1.39147
6.12008	1.20424
6.10316	1.3043
5.97043	1.63777
5.67466	1.88889
5.05923	1.90696
4.53006	1.9061
4.59138	1.92285
4.56658	1.98746
4.66755	1.93675
4.69764	1.98642
4.75116	1.96359
4.83452	1.96227
4.99183	2.06667
5.45793	2.09264
5.7587	1.99351
5.9283	1.87147
6.02381	1.85572
6.06453	1.69689
6.13489	1.4193
6.1904	1.15822
6.17931	1.02534
6.13687	0.806442
6.00653	0.589139
6.0406	0.449457
6.17606	0.109924
6.18246	-0.00392687
6.25109	-0.0439569
6.3131	-0.0866752
6.35378	-0.0913633
6.44859	-0.00776987
6.35943	0.166581
6.41484	0.314566
6.28988	0.78168
6.3447	1.17155
6.5325	1.21904
6.71441	1.20869
6.61467	1.39331
6.43923	1.59422
5.88164	2.03977
4.82526	2.32617
4.49894	1.96471
4.37935	1.8793
4.13345	1.9004
4.00725	1.97378
3.93793	1.76128
3.84934	1.72034
3.71271	1.68929
3.50632	1.59145
3.53986	1.3603
3.31482	1.21276
3.05707	1.19919
2.94046	1.1661
2.95935	0.804105
3.00111	0.817252
2.84306	0.788911
3.48198	0.89235
4.40819	1.10154
6.01769	1.94638
6.4481	1.83957
6.7444	1.7718
6.75241	1.87515
6.95184	1.54556
6.79764	1.72647
6.45315	1.96245
5.69828	2.22824
4.0404	1.64265
3.53912	1.62158
3.35554	1.37937
3.3193	1.33187
3.31918	1.12637
3.35225	0.935503
4.50312	-0.130583
4.40022	-0.680878
4.7183	-0.686164
4.98176	-0.26315
5.19939	-0.448678
4.61282	-0.18574
4.26678	-0.0829761
3.87146	0.122173
3.47137	0.339548
3.44285	0.528768
3.3652	0.535469
3.60366	0.53705
3.71852	0.509595
3.70342	0.721107
4.2252	1.32989
4.93863	1.65159
5.24997	1.42019
5.35557	1.49801
5.51827	1.3113
5.43611	1.10784
4.93379	0.972568
4.80719	0.329175
4.97039	-0.364125
5.00407	-0.509377
4.8669	-0.737302
4.92958	-1.1013
5.03876	-1.1114
5.05246	-0.955959
4.81813	-0.658947
4.66002	-0.776465
4.46427	-0.262835
4.58035	0.300676
5.65521	0.777369
5.78929	0.781729
5.84532	0.791285
5.9671	0.712533
5.99207	0.789025
5.71777	1.26508
5.64711	1.42889
5.58149	1.54703
5.0265	1.86006
3.99265	1.677
3.80697	1.67791
3.61641	1.81458
3.66806	1.63814
3.72962	1.59316
3.6299	1.51494
3.46022	1.50595
3.4868	1.44544
4.59483	1.19099
5.20337	1.37896
5.46233	1.99788
5.34859	2.03408
5.25171	2.03284
5.27851	1.8122
5.08605	1.61961
4.78522	1.55273
4.74256	1.44927
5.27528	1.35072
5.37518	1.73075
5.75319	1.79681
5.24319	1.65407
5.32259	1.78796
4.81948	1.86212
4.54659	1.91433
4.47848	1.76904
4.44084	1.84787
4.43186	1.60439
4.53545	1.63064
4.01692	1.45806
3.89494	1.58428
3.70346	1.22991
4.10466	0.317205
4.19089	-0.0529556
4.37305	-0.424769
4.51799	-0.581936
4.5097	-0.796488
4.48373	-1.14645
4.38712	-0.956199
4.40855	-0.63915
4.51461	-0.823927
4.54455	-0.857705
4.56257	-0.887897
4.65763	-0.628936
4.48025	-0.521706
4.21222	-0.508637
3.9455	-0.476549
3.79279	-0.0034423
3.57934	-0.040555
3.52315	0.270723
3.31139	0.536975
3.21888	0.627443
3.00461	0.644892
2.99873	0.560342
2.97543	0.567169
3.0381	0.586481
2.933	0.940147
2.93285	0.658713
2.46889	0.732542
2.81208	0.53838
2.86386	0.514851
2.95697	0.56046
2.91552	0.459299
3.06783	0.537708
2.8419	0.545505
2.83442	0.58175
2.8338	0.512572
2.98057	0.670077
2.90344	0.5547
2.8512	0.476049
2.7883	0.588028
2.8839	0.501417
2.95802	0.508082
2.93548	0.550865
2.98231	0.435129
2.93327	0.651248
3.09684	0.682226
2.90298	0.660705
2.94065	0.709919
3.09359	1.03326
2.94371	0.597719
3.34381	0.375796
3.39893	0.445893
3.20997	0.688793
2.92066	0.82062
3.26307	0.810589
5.19983	0.0334826
5.94371	-0.050917
5.94646	0.170246
6.17459	-0.120377
6.12918	0.184408
6.12788	0.146998
6.01111	0.173623
5.76561	0.242707
5.32857	0.306479
4.61597	0.362212
3.82907	0.793001
3.30053	0.833461
3.27933	0.919198
3.12422	0.87946
3.18212	0.658898
3.06548	0.655911
5.30658	-0.38893
5.8877	-0.298781
4.7252	0.19346
6.40411	0.382347
6.65752	0.703784
6.66893	0.846401
6.77309	1.0441
6.8296	1.10689
6.81513	1.21433
6.79833	1.22206
6.66997	1.26117
6.59895	1.10196
6.43499	1.00932
6.16247	0.885296
5.89844	0.710836
5.52092	0.879044
5.14899	1.42814
4.76243	1.93321
4.78104	1.91703
4.80856	1.74943
4.68534	1.82357
4.83462	1.41965
5.20913	0.841388
5.9507	0.576789
6.44501	0.707745
6.57831	0.994346
6.21373	1.24321
5.71429	1.18977
6.20718	1.31006
6.51812	1.35879
6.71673	1.33783
6.62808	1.487
6.4622	1.47312
6.12553	1.57045
5.38331	1.87776
4.78488	1.70272
4.58066	1.04343
4.71562	0.502922
4.55429	0.302112
4.64508	0.103197
4.52771	-0.143337
4.46134	-0.0834879
4.23065	0.249442
4.11677	0.58302
4.21811	0.996035
5.2647	2.14249
6.08207	2.05966
6.3047	1.98954
6.46737	2.0685
6.52848	2.0432
6.31718	2.11819
5.72517	2.03463
4.52508	1.94694
4.45103	1.66488
4.31398	1.90008
4.57787	1.72598
4.65462	1.70945
4.81343	1.91155
4.8748	2.02321
4.99087	1.98622
5.02823	1.92508
4.94674	2.1122
5.01439	2.07868
5.1824	1.9623
5.74827	1.51668
6.45213	1.39895
6.49582	1.22073
6.3319	1.1646
6.09968	1.13844
5.53824	1.28184
4.80169	1.65455
4.53058	1.89663
4.29242	2.04604
4.17731	1.94412
4.03946	1.94081
3.76421	1.81086
3.96604	1.17431
4.79706	0.150064
4.21427	0.01699
4.50252	-0.405126
4.69846	-0.436067
4.64191	-0.0932585
4.70515	0.14579
4.44574	0.567598
4.44807	1.15329
5.44853	1.75925
6.04574	1.69766
6.27836	1.73334
6.3044	1.85523
6.3667	1.78052
6.30323	1.79471
6.54219	1.58222
6.56712	1.55337
6.55988	1.60661
6.41888	1.82384
6.42109	1.96804
6.54821	1.91193
6.65622	1.7801
6.4986	1.97848
6.18985	2.22771
5.96245	2.20278
5.78383	1.69756
5.67877	0.871881
5.281	0.259075
4.90426	-0.539171
4.7512	-0.542571
4.79444	-0.842687
4.71461	-0.527616
4.71723	-0.399248
4.81874	-0.543208
4.60486	-0.522239
4.5238	-0.245675
3.96836	0.480849
3.86942	1.20666
5.68806	1.58943
5.94289	1.88816
5.7832	2.28625
5.90683	2.19143
5.51501	2.13995
5.07863	1.97497
4.97843	2.1244
4.87892	2.13599
4.73563	2.1097
4.54459	2.10857
4.38673	1.99559
4.2504	1.85096
3.95491	1.76152
3.74279	1.65826
3.43427	1.59704
3.26363	1.22633
3.13291	1.02887
4.36248	0.191749
5.61989	0.0543441
5.08552	0.783021
4.83829	0.728019
4.88423	1.07357
5.48477	1.354
4.65176	0.876108
5.38167	1.36519
6.16567	1.14966
6.32727	1.28311
6.35643	1.39357
6.30617	1.43468
6.23318	1.46877
6.13835	1.43158
6.01411	1.39812
5.83539	1.53015
5.70682	1.55786
5.49096	1.61874
5.13728	1.77887
4.2615	2.03831
3.9506	1.87619
4.05345	1.68785
4.01545	1.92783
4.06925	1.77237
3.94558	1.91944
4.08444	1.90422
4.43387	1.51609
4.67509	1.09416
4.49455	0.806589
4.43892	0.791042
4.36778	0.865324
4.42765	0.759187
4.52208	0.684252
4.22142	0.69575
4.05613	0.960782
3.80428	1.06137
3.90388	0.655941
3.97536	0.142903
4.23961	-0.38465
4.34974	-0.306404
4.4258	-0.333164
4.40112	-0.278498
4.35436	-0.192609
4.42606	-0.103945
4.44664	-0.263861
4.55786	-0.130877
4.34396	-0.196395
4.2556	-0.204984
4.21349	-0.0860707
4.10988	0.0139062
3.99807	0.210955
3.61671	0.325884
3.31161	0.459537
3.18488	0.83662
3.20362	0.840897
3.10503	0.874941
2.97448	0.946373
3.03388	0.863446
3.07964	0.809303
3.00994	0.832288
3.02424	1.07517
3.11474	0.801418
2.95768	0.705269
2.82684	0.702041
2.96145	0.830693
2.69994	0.745069
2.68726	0.697833
2.72396	0.557503
2.91563	0.681673
2.78639	0.631671
2.80081	0.494239
2.81441	0.700763
2.75287	0.558286
2.98754	0.789424
3.12036	0.391848
3.37969	-0.0352323
3.69669	-0.183292
3.84679	-0.208257
4.22617	-0.400816
4.30667	-0.591284
4.37204	-0.465475
4.24833	-0.499614
4.25066	-0.215178
5.27552	0.158533
5.83034	0.441041
5.7394	0.779294
5.88568	0.548277
5.78733	0.444072
5.37588	0.754871
4.91718	0.584124
4.87109	0.392752
4.75212	0.114928
4.82851	-0.292519
4.82401	-0.464703
4.93988	-0.47175
4.77683	-0.581304
4.79728	-0.630746
4.68176	-0.414762
4.80434	-0.126353
4.76199	0.0120058
4.261	0.315492
4.4055	1.0183
6.24204	1.413
6.41432	1.82316
6.6304	1.81708
6.94012	1.59998
7.26675	1.25441
7.30003	1.28635
7.40592	1.18878
7.43565	1.18275
7.32265	1.3084
7.28968	1.35862
7.27165	1.34482
7.2651	1.26493
7.25988	1.25148
7.23653	1.195
7.10889	1.12872
6.84713	1.10699
6.44847	1.12298
5.60845	1.54416
5.35445	1.62295
5.1248	1.67673
4.86018	1.65844
4.64491	1.81443
4.38553	1.98652
4.22544	1.95177
4.16845	1.73575
3.83279	1.71482
3.61734	1.73182
3.43253	1.35643
4.79668	0.217519
4.47269	0.0377299
4.40018	-0.786579
4.60955	-0.898761
4.69009	-0.882781
4.68313	-0.798029
4.51263	-0.784508
4.40306	-0.740902
4.01873	-0.20547
3.65098	0.645894
3.58801	1.56896
3.04855	0.883574
2.97354	0.793921
2.97797	0.64351
2.98396	0.521448
2.87068	0.61601
2.82255	0.650274
2.79068	0.507445
2.76392	0.546068
2.93206	0.668554
3.08324	1.31505
3.03304	1.01384
3.90461	1.86576
4.95665	2.15821
5.04235	2.058
5.08765	2.06259
5.01521	2.0167
4.89626	2.12893
4.80097	2.02399
4.79846	1.92494
4.77872	1.96141
4.71024	1.96554
4.64477	1.9982
4.64145	1.93278
4.62745	1.82676
4.40461	1.95904
4.36261	2.0606
4.377	2.12043
4.48928	2.00799
4.45352	2.14501
4.5723	2.06533
4.88067	1.80667
5.69426	1.6135
6.24736	1.37251
6.37257	1.15623
6.49975	1.04082
6.55912	0.959075
6.64005	0.915434
6.65875	0.859177
6.62309	0.875118
6.5782	0.911934
6.5137	1.00729
6.40052	1.11424
6.16947	1.33203
5.87042	1.55275
5.27668	2.04423
5.00637	1.85612
4.74026	1.73521
4.42189	1.70911
4.18962	1.38881
4.04214	0.759323
4.26402	0.269824
4.50404	-0.143824
4.38085	-0.449144
4.22472	-0.152135
4.12391	-0.236639
3.9638	-0.0865633
4.07685	-0.182331
3.86364	-0.168652
3.80334	-0.256968
3.6392	-0.0317051
3.18912	0.633461
2.79804	0.792522
2.83276	0.53008
2.80867	0.519019
2.74886	0.501639
2.79665	0.423774
2.80181	0.481684
2.80709	0.491836
2.71064	0.686931
2.77581	0.444327
3.38941	0.702429
3.99972	0.828577
3.53326	0.391125
3.67118	0.720236
5.22298	0.892336
5.84532	1.41162
5.43527	1.80177
4.93034	1.97307
4.40732	1.93759
3.99987	2.21211
3.90258	2.35425
3.78705	2.06076
3.73379	2.03441
3.97407	1.89544
4.23892	1.67131
4.72202	1.57785
5.21797	1.43499
5.73616	1.2953
6.16654	0.972161
6.34129	0.741767
6.41504	0.543456
6.36606	0.375043
5.96863	0.456652
4.5673	0.665263
3.60963	1.38072
3.5632	1.55124
3.44749	1.59735
3.39104	1.38857
3.50055	1.30839
3.42015	1.48964
3.28537	1.58616
3.23273	1.44947
3.22423	1.40247
4.07063	0.97859
5.18946	0.763934
5.48946	0.584967
5.45369	0.551214
6.0229	0.165581
5.98498	0.307479
6.15164	0.136245
6.16556	0.0208372
6.09078	0.049524
6.06999	0.107146
6.04257	0.0852313
6.03331	0.036866
5.98295	0.0104815
5.96145	0.124548
5.91494	0.229695
5.98038	0.361687
6.13473	0.458937
6.20621	0.639299
6.20727	0.80353
6.20824	0.999281
6.08399	1.1342
5.83903	1.37851
5.781	1.43223
5.48314	1.81562
5.3572	1.63431
5.45217	1.54263
4.95673	1.81718
4.66514	1.9378
4.7362	1.74407
4.12349	1.66058
3.74291	1.38259
3.84755	0.784047
4.00167	0.296778
4.07484	0.0633546
4.0183	0.0370325
3.85047	-0.0998476
3.81069	-0.243075
3.84716	-0.242121
3.81816	-0.330516
3.76491	-0.332624
3.96476	-0.362814
3.92817	0.0197436
4.09177	0.358458
3.81256	-0.196526
3.5617	0.0368765
3.37049	-0.135097
3.20053	-0.243373
3.10248	0.0631617
3.03148	0.386486
2.95198	0.482477
2.83796	0.584731
2.83674	0.798109
2.80608	0.565077
2.8563	0.72046
2.90219	0.47834
2.74093	0.504851
2.81088	0.54443
3.21959	0.417646
3.35057	0.371472
3.60219	-0.0116001
4.08257	-0.0272331
4.3614	0.062975
4.89394	-0.170638
5.10281	-0.251371
4.96506	-0.0782933
4.61844	0.562211
6.82781	0.705455
6.90989	0.982414
6.88703	0.813342
6.90515	0.753588
6.88554	0.691629
6.88661	0.557973
6.75749	0.632421
6.68411	0.636274
6.68977	0.695328
6.84275	0.711664
7.01642	0.735383
7.1135	0.742435
7.09172	0.853809
6.925	1.06379
6.5907	1.32646
6.17556	1.56314
5.68314	1.84227
5.25238	2.16523
5.17481	2.05746
5.03879	2.15776
5.02325	2.06349
4.91599	2.05168
4.75837	2.11152
5.18641	1.69926
6.14977	1.39167
6.56377	1.52011
6.73984	1.57359
6.43527	1.75768
5.43133	1.84216
5.87889	1.84237
6.3296	1.81816
6.76367	1.61075
6.88131	1.58252
6.91301	1.53244
6.79769	1.60833
6.50066	1.8537
6.01704	2.19687
5.19131	2.08503
4.93955	1.9803
4.72064	1.92196
4.46079	2.07108
4.29045	1.97167
4.11015	1.9056
3.84024	1.93703
4.22384	0.995303
4.91138	0.532826
4.13924	0.013408
4.37938	-0.306994
4.49069	-0.401505
4.66184	-0.316587
4.49653	-0.113919
4.04501	0.155837
3.72494	0.816881
3.95813	0.981926
5.26817	1.43523
6.39475	1.81457
6.39083	1.92501
6.87024	1.54623
6.8845	1.57158
6.95979	1.5268
6.99898	1.43232
6.93647	1.49713
6.84284	1.55078
6.67127	1.62876
5.80966	1.88635
4.15387	1.93041
3.64995	1.63722
3.37798	1.43653
3.36777	1.23737
3.32759	1.12902
4.08148	0.765096
4.45594	0.705423
5.96584	1.55236
6.45258	1.71302
6.67561	1.59805
6.63555	1.76061
6.79092	1.56291
6.57956	1.7231
6.35228	1.91379
5.84334	1.85667
4.02298	1.88761
3.54514	1.75388
3.62909	1.64629
3.51982	1.66309
4.53785	0.398514
4.43854	0.0937159
4.37859	-0.290623
4.66489	-0.650561
4.66709	-0.0420821
5.0098	0.402194
4.96745	1.07678
5.36151	1.62589
5.68953	1.66455
5.91837	1.60671
5.99959	1.58586
6.01698	1.68765
5.70694	1.83237
5.11753	1.59874
5.55755	1.5933
5.98437	1.74532
6.19113	1.83397
6.33525	1.76486
6.36822	1.73855
6.15922	2.10866
6.16851	1.98987
6.091	2.02249
5.69057	1.94225
5.05981	1.5796
4.91252	1.61626
4.65103	1.77933
4.47041	1.67776
4.16096	1.62088
3.67764	1.68558
3.39856	1.60892
3.28719	1.40521
4.60354	0.370834
5.47573	0.297798
4.91473	0.81104
4.04881	1.04958
4.32213	1.72417
6.05898	1.63914
5.96321	1.8695
6.06678	1.7606
5.78378	1.86502
5.32317	1.79978
3.93877	1.70437
3.36124	1.31849
3.14744	1.4187
3.17711	1.19151
3.11055	0.992584
4.55603	0.427902
5.76419	0.547331
5.59947	0.70278
4.41951	1.22322
6.41398	1.51149
6.34943	1.93818
6.25948	2.08726
6.17829	2.08498
6.00267	2.03506
5.8701	2.17888
5.93222	2.06792
5.82057	2.06651
5.71758	2.02358
5.58695	2.02107
5.59881	1.79544
5.448	1.69111
5.13382	1.66473
4.41179	1.59847
3.70967	1.66495
4.11011	1.03588
3.9893	0.98691
4.18842	0.7387
5.4082	0.47132
5.50715	0.582758
5.80119	0.732778
5.89625	0.781412
5.65804	0.420755
5.60493	0.39583
5.67173	0.289508
5.53198	0.483796
5.57862	0.387663
5.67588	0.362571
5.72313	0.335024
5.58698	0.558243
5.6664	0.595909
5.89839	0.574792
6.09441	0.578638
6.17497	0.780603
5.37106	1.11491
5.46926	1.29955
5.22872	1.68431
5.27388	1.68676
5.12157	1.6707
4.9645	1.64885
4.58713	1.8616
4.14088	2.0323
4.25727	1.80735
4.07976	1.71347
3.68477	1.48695
3.55008	1.56603
3.5067	1.26927
3.3801	1.09803
3.2278	1.06274
3.05683	0.908425
2.94856	0.887404
2.90142	0.874832
2.88417	0.721684
2.94327	0.814992
2.91175	0.696936
2.94872	0.585699
2.7793	0.570384
2.76022	0.547066
2.85124	0.464284
2.94395	0.725235
2.78338	0.516792
3.22603	0.0715097
2.70876	0.523472
2.834	0.700685
2.83183	0.723169
2.84824	0.452869
3.52241	0.134673
2.90216	0.324979
2.63433	0.477771
2.88951	0.668987
2.75898	0.775934
2.71027	0.869779
2.84937	0.790684
3.58554	0.765254
4.66051	1.24294
5.17859	1.74655
5.71181	1.59505
5.74832	1.79164
6.24498	1.18582
6.58117	1.58949
6.65702	1.94201
6.79442	1.79911
6.8159	1.70488
6.48906	1.91737
6.18508	2.02756
5.76114	1.91679
5.13926	1.79022
4.83904	0.885205
4.95252	0.374649
5.07911	-0.0799338
4.85931	-0.334217
4.82987	-0.405857
4.89214	-0.309923
4.83176	-0.189166
4.64383	0.0578639
5.15801	1.35346
6.26045	1.78583
6.38001	1.88527
6.58879	1.78347
6.48725	2.05354
6.2379	2.3505
6.05473	2.36864
5.80074	1.90218
5.60955	1.71289
5.45325	1.71398
5.59875	1.79594
5.56997	1.89127
4.80539	1.83974
3.37264	1.5755
3.33684	1.4189
3.35048	1.37934
4.18233	0.89167
5.07211	0.353066
4.14105	1.02515
4.6131	1.72004
5.16647	1.83454
5.41967	1.99875
5.4657	2.1075
5.52751	1.96591
5.49596	2.02792
5.49208	1.97929
5.40275	2.21236
5.50393	2.24942
5.68837	2.20344
6.30656	1.70692
6.23161	2.01277
6.24257	2.07121
6.29708	2.1302
6.38437	2.01474
6.10546	2.41621
6.1966	1.99159
6.13905	1.88393
5.89643	1.86015
5.46516	1.90642
5.19348	1.18527
4.95015	0.577156
4.87788	0.329434
4.74867	-0.209027
4.78766	-0.285882
5.01084	-0.28374
4.70464	0.0190307
4.77828	0.169498
4.46703	0.392141
4.8911	1.5069
5.06936	1.96302
5.31171	1.71611
5.42951	1.78206
5.40868	2.04466
5.18226	2.02062
5.04305	1.37565
4.85845	1.07048
4.85928	1.2652
4.55318	1.12994
3.36288	1.15819
3.07568	1.12165
2.95634	0.923005
2.90677	0.82598
2.90708	0.85349
3.00907	0.740626
3.0956	0.661683
4.74823	0.831276
4.97368	0.713828
4.83509	1.20939
6.09542	1.67494
6.2888	1.5707
6.30556	1.58033
6.28609	1.57826
6.27417	1.49355
6.18249	1.36423
5.82758	1.26052
5.0531	1.14146
4.33044	0.931896
4.36811	0.439597
3.59572	0.703982
3.08096	1.04771
3.7724	0.591324
4.16124	0.216995
3.82039	-0.302798
3.99624	-0.125857
4.1443	-0.433835
4.67805	0.768618
5.62875	1.47858
5.70748	1.51889
5.85183	1.58221
6.00892	1.59441
6.02764	1.82971
6.09784	1.8495
6.20222	1.80166
6.11524	1.91374
6.04606	1.80663
5.25073	1.84408
3.61069	1.71584
3.38533	1.46455
3.30367	1.39917
3.11839	1.10737
3.1433	0.994343
3.10058	0.933095
3.50605	0.994245
3.78025	1.14843
3.83829	0.952421
4.0519	1.43456
5.25249	1.88842
4.69057	1.88045
3.93878	1.69533
4.83057	1.89879
5.71077	1.69448
6.15237	1.59822
6.24161	1.44395
6.18625	1.54939
6.13979	1.52307
6.22112	1.4044
6.08605	1.59216
6.08986	1.53814
5.93845	1.61218
5.76846	1.63116
5.19474	1.89231
4.62527	1.88271
4.41435	1.96431
4.48488	1.82747
4.44993	1.78054
4.48236	1.89787
4.38971	1.98374
4.69947	1.62104
5.00042	1.05875
5.03819	0.713686
4.96405	0.715362
4.79045	0.767983
4.64074	0.813034
4.50574	0.97319
4.53516	0.785042
4.51746	0.719631
4.38134	0.798607
3.78016	1.20255
3.71004	0.933036
3.83961	0.36841
4.05721	-0.161086
3.95844	-0.631096
4.06198	-0.54934
3.81901	-0.774603
4.02102	-0.82152
4.13632	-0.814086
4.17301	-0.709844
4.11749	-0.671812
4.15949	-0.741289
4.12566	-0.68286
4.0688	-0.615571
4.04918	-0.500652
4.31226	-0.277582
3.81443	-0.469407
3.69333	-0.198299
3.3248	-0.155747
3.38853	-0.392723
3.31987	-0.0356007
3.22364	0.280522
3.12677	0.291068
3.01068	0.422949
2.91729	0.594857
2.93536	0.525456
2.89086	0.611585
2.77155	0.650659
2.76149	0.556353
6.23954	1.40268
6.30179	2.08029
5.84622	2.30135
5.15378	2.37513
4.92901	2.15956
4.77716	2.20269
4.71109	2.11258
4.47353	2.07418
4.19356	1.99891
3.65283	2.01459
3.54274	1.41996
6.1525	0.397619
5.78153	0.806026
5.93676	2.25905
5.65419	1.87537
5.56908	1.66414
6.1423	2.12519
6.33169	2.28151
6.38061	2.35972
6.48979	2.15919
6.28952	2.44751
6.24498	2.29478
5.99034	2.24084
5.57273	2.35274
5.09879	2.12657
4.79929	1.97889
4.98756	1.83393
5.14653	1.63739
5.22429	1.64193
5.47672	1.86832
5.69141	2.14888
6.03781	1.9676
6.02108	2.12473
6.09443	1.9983
6.06638	1.94648
6.09084	1.84889
6.03549	1.83623
5.9469	1.8747
5.94914	1.79193
5.90228	1.72969
5.82059	1.7471
5.90371	1.71108
5.98425	1.67203
6.00814	1.6411
5.9568	1.66082
5.74658	1.67799
5.70839	1.72147
5.88987	1.62856
6.01763	1.68533
6.16009	1.77935
6.29599	1.79638
6.23661	1.97534
6.32755	1.96719
6.28708	2.06781
6.31229	2.02607
6.27401	2.0501
6.20748	1.98511
5.58699	2.39671
5.17686	1.79935
5.08023	1.93491
5.12402	1.75247
5.00406	1.83554
4.89224	1.76822
4.74377	1.8417
4.57465	1.79561
4.3316	1.87046
4.06853	1.82867
3.73722	1.73587
4.45773	1.02115
5.30683	0.722517
4.98284	1.23635
5.62396	2.04621
6.11776	1.77492
5.23932	0.862551
4.71814	-0.324287
5.21092	-0.0562638
5.85867	1.3778
6.18616	1.95292
6.30054	2.04798
6.42717	1.90409
6.25551	2.15512
6.17491	2.28127
6.03249	2.28435
5.49792	2.32284
4.95087	2.13065
5.06459	1.8603
5.00317	1.9393
5.14473	1.82186
5.249	2.13858
5.91631	2.07074
6.16514	2.28516
6.22363	2.20237
6.25032	1.97705
5.96947	1.88962
5.27019	1.92935
4.4698	1.89634
3.81479	1.92223
3.53878	1.56826
3.34109	1.18061
3.26568	1.09417
4.96053	0.413678
5.61446	0.460002
4.56517	0.471769
5.09885	1.37642
6.23453	1.36004
6.11972	1.51268
6.06677	1.72332
5.44823	1.94343
4.26984	1.48341
3.48617	1.59768
3.41708	1.58863
3.35834	1.57977
3.40481	1.52632
3.26896	1.48395
3.30063	1.66605
3.49166	1.45684
3.49507	1.43371
4.16466	0.669738
4.94291	-0.0512986
4.71006	0.227139
5.16386	0.172936
4.62497	-0.343682
4.45378	-0.0638459
4.32826	0.49269
4.98853	1.55035
6.0301	1.56953
6.04478	1.70749
5.99895	1.87389
5.05209	2.05137
5.0884	2.05423
4.834	1.97109
5.16686	2.07808
4.5025	2.17151
4.40861	2.25196
4.29453	2.09589
4.41905	2.30416
4.19985	2.1144
3.99173	1.96412
3.49138	1.73733
3.14156	1.3323
3.07824	0.801927
3.05846	0.61557
2.98747	0.565631
2.84841	0.697817
2.90747	0.726862
2.97843	0.586433
2.8499	0.787372
2.86486	0.654016
3.04149	0.555652
5.17223	0.988478
4.51902	1.08666
4.3934	0.935613
3.86879	0.907173
3.6381	0.481888
3.48881	0.866232
3.39667	1.00711
3.14561	0.87605
3.0671	0.69936
3.08463	0.689473
2.94163	0.653595
2.93808	0.453107
2.98468	0.824825
2.85798	0.337571
2.91493	0.635466
2.93596	0.750255
2.54489	0.435563
2.85957	0.421387
2.70556	0.390529
2.75932	0.498852
2.903	0.540249
2.839	0.498736
2.83346	0.741829
2.83891	0.696334
3.30566	0.94774
5.33904	1.54023
6.49508	1.33609
6.40268	1.90269
6.52526	2.00629
6.66526	1.98926
6.77724	2.00653
6.90798	1.7642
6.88012	1.71375
6.72887	1.75779
6.51086	1.73584
6.17669	1.83562
5.96481	1.79259
5.74357	1.7149
5.52458	1.58546
5.29633	1.65114
5.20141	1.62273
5.18889	1.55531
5.11434	1.43269
5.17365	1.20646
5.2182	1.10926
5.26384	1.03609
5.49179	0.998301
5.86647	0.933798
6.25107	0.824853
6.52849	0.608312
6.66475	0.372621
6.72749	0.220957
6.72942	0.162327
6.71851	0.188464
6.7056	0.308635
6.70126	0.452179
6.67159	0.654645
6.59434	0.960885
6.32056	1.31251
5.73621	1.6097
5.25454	1.50105
4.74441	1.64602
4.82517	1.59579
4.93433	1.92233
4.48704	1.87291
4.44237	1.98705
4.56433	1.87224
4.70252	1.86594
4.70339	2.02624
4.87059	1.96683
5.77324	1.70955
5.85541	2.20612
6.18274	2.02656
6.25425	1.98366
6.22378	2.01816
6.31587	1.85713
6.33757	1.83278
6.42211	1.69037
6.44965	1.64977
6.33185	1.69967
6.24752	1.61831
6.02062	1.62206
5.73179	1.50651
5.42564	1.2253
4.83989	1.09358
4.66955	-0.019676
4.64113	-0.423478
4.62466	-0.650337
4.60591	-0.890726
4.79944	-0.798102
4.71008	-0.312577
4.78753	-0.550557
4.81456	-0.260812
4.23232	0.0572742
3.78197	0.767673
4.19068	1.64827
4.94971	2.03997
4.80569	1.90768
4.75778	2.00767
4.79591	1.91305
4.77808	1.81579
4.64496	1.92555
4.54343	1.89952
4.18491	1.86449
3.69281	1.75109
3.22045	1.38176
3.04898	1.11033
3.52009	0.792591
4.98562	0.842242
4.04638	0.956984
5.3867	2.25727
5.96912	1.84173
6.03693	1.7855
5.93177	1.80381
5.51623	1.8974
4.91651	1.76545
4.64346	1.04866
4.58392	0.276525
4.50501	0.0288578
4.48545	-0.040083
4.54323	0.0601306
4.31992	0.0679572
4.40708	0.282912
4.11629	0.466372
3.95557	1.02079
5.37626	1.79813
5.71848	2.31079
5.76141	2.10809
5.60322	2.1451
5.16118	1.93772
4.33175	1.75379
3.44949	1.54904
3.14412	1.40025
3.10568	1.16512
3.00623	0.765021
2.83637	0.963137
2.89144	0.880504
3.45922	0.884996
4.117	1.2396
3.21057	0.950813
5.21171	1.11193
6.38775	1.16685
6.20133	1.51956
6.18344	1.4353
5.61875	1.65349
4.68657	2.00676
4.6913	2.07962
4.81606	1.88339
4.6686	1.99512
4.6531	1.96991
4.62627	1.93341
4.49141	1.95384
4.23319	2.07482
4.51949	1.52089
4.52272	1.13687
4.14592	0.878594
3.86581	0.691708
4.1561	0.457571
3.92957	0.112532
3.87066	-0.0337304
3.62212	-0.109335
3.34081	0.230207
3.20701	0.388259
3.37948	1.00439
4.26857	1.97054
4.60053	2.13756
4.73837	2.3649
5.03996	2.25161
5.22061	2.22581
5.40692	2.15641
5.34828	2.19073
5.17691	2.15976
4.74235	2.32243
4.40631	1.79878
4.3593	0.99856
4.57937	0.278273
4.75313	-0.611935
4.84216	-1.03956
4.91371	-1.11582
5.10152	-1.24116
5.15592	-1.14649
4.85347	-1.00983
4.83736	-0.830274
4.6957	-0.611521
4.07422	-0.134006
3.69497	0.705442
4.27274	1.62771
4.77221	1.59176
4.92307	1.43205
4.9792	1.52033
5.08193	1.43287
5.06935	1.58475
4.86248	1.76594
4.60826	2.07081
4.78426	1.98369
4.92724	2.19035
5.21906	2.21116
5.51841	2.12022
5.79226	1.87961
5.92334	1.81638
5.96205	1.77482
5.98639	1.78762
5.92095	1.94125
5.85681	1.99699
5.82334	1.9912
5.82115	1.90379
5.86663	2.02438
5.63924	1.85008
5.31787	1.92238
4.59373	1.93351
4.91033	1.69561
4.41999	1.77992
4.3766	1.66055
4.28442	1.8232
4.16666	1.79308
4.24893	1.75718
4.22563	1.59187
3.90446	1.51554
3.7023	1.38858
3.58275	1.36534
3.50831	1.16142
2.30778	0.0526123
2.75559	0.37633
2.74668	0.602019
2.75058	0.456265
3.42239	1.42233
4.31459	1.95557
4.90386	2.16869
4.94874	2.1244
5.22269	2.13101
5.35448	2.07688
5.46352	1.78058
5.01939	1.74432
5.07513	1.70637
5.23791	1.58983
5.76732	0.944043
5.70785	1.33011
6.14332	1.85555
6.33108	2.09316
6.50401	2.10582
6.56707	2.10314
6.58713	1.76789
6.48087	1.41672
6.17744	1.88294
5.72949	2.0953
5.37978	1.79552
4.84127	1.60196
3.99755	1.54753
3.83472	1.28224
3.63542	0.698241
3.85563	0.379968
5.15774	0.472435
5.81953	0.667617
6.01422	1.02159
6.14166	1.15216
6.35263	1.42881
6.48651	1.67352
6.58562	1.64496
6.45743	1.66194
6.00981	1.71595
5.28093	1.68054
5.06007	0.468011
4.94614	-0.22319
4.96552	-0.522372
4.97821	-0.210298
5.07505	-0.289202
5.00895	0.360586
5.07122	1.39402
5.15414	1.59029
4.69732	1.87541
4.24958	1.79255
3.73606	1.72915
3.55694	1.661
3.42427	1.57074
3.39523	1.54524
4.92384	1.35378
5.68763	1.68803
6.17745	1.95055
6.31808	1.95808
6.50899	1.91757
6.54848	1.89145
6.25779	1.98362
5.50553	1.87719
5.61896	1.84394
5.74907	2.26422
5.16689	2.4287
3.80984	2.16508
3.53927	1.69042
3.3921	1.48921
3.2776	1.44966
3.30383	0.983358
3.14715	0.949748
3.3004	0.924449
3.15694	1.13792
3.32381	1.38963
3.97567	1.73981
4.45025	2.0328
5.05818	1.87659
5.31813	1.97438
5.48327	1.93185
4.88097	1.6044
3.63645	1.47493
3.28464	1.43869
3.32533	1.05919
5.11374	0.487586
5.30952	0.276474
5.10966	0.171585
4.31169	0.752508
3.91671	1.27716
6.08958	1.82606
6.29614	1.85008
6.54315	1.5925
6.35781	1.71498
6.30274	1.64924
5.98218	1.83255
5.59697	1.93165
5.0914	2.00646
4.83428	1.89715
4.71863	1.71932
4.46521	1.86356
4.2717	1.77965
3.77852	1.67434
4.43946	0.679997
4.64963	0.242866
4.30635	0.0301915
4.63004	0.0240253
4.73952	-0.296749
4.70167	-0.134883
4.63746	0.792487
5.47997	1.63933
5.87506	1.55854
6.06669	1.57381
6.23435	1.58605
6.14198	1.95414
6.19451	1.97852
6.12107	2.14267
6.23351	1.9393
6.35118	1.81336
6.41385	1.82602
6.624	1.62829
6.69822	1.53695
6.79541	1.28982
6.76021	1.13777
6.63356	0.887243
6.47793	0.587102
6.11554	0.516971
5.57361	0.815527
4.66437	1.90971
4.64418	1.91615
4.50962	1.85627
4.44808	1.89787
4.04382	1.92614
3.57077	1.56816
3.29942	1.38092
3.18928	1.15091
3.16206	0.904717
5.06215	0.241283
5.47869	0.460607
5.45687	1.43369
6.64406	1.59701
6.52799	1.70562
6.5189	1.79301
6.49785	1.88638
6.39626	2.05406
6.15626	2.03949
5.40706	1.49307
5.86254	1.69084
6.10319	2.01051
5.83879	2.20262
5.23461	2.21962
4.55159	2.15888
4.47572	2.05564
4.52035	1.96654
4.82275	1.93654
5.27376	1.82192
5.74608	1.80055
5.96672	1.93097
6.05689	2.0533
6.26871	1.89082
6.31693	1.78801
6.29434	1.81206
6.18472	1.81768
5.62987	2.16039
5.01565	1.99243
4.8168	1.80529
4.77583	1.85589
4.78275	1.83298
4.74451	1.7339
5.16952	1.06996
5.29254	0.885005
5.42373	0.566265
5.61217	0.409061
5.71633	0.277804
5.96666	0.157425
6.17853	0.203647
6.35685	0.44218
6.47604	0.792127
6.59522	1.03695
6.60561	1.35571
6.63634	1.60632
6.74399	1.6155
6.6476	1.82169
6.25342	2.08087
6.23475	1.77273
6.22531	1.75408
6.54187	1.28927
6.34818	1.72493
6.63292	1.50908
6.88907	1.45538
6.87648	1.39266
6.65132	1.52498
6.39443	1.57837
6.06641	1.68642
5.69908	1.74357
5.3538	1.85965
5.11001	1.94306
5.01881	1.88463
4.8875	2.00814
4.84628	2.11522
4.76281	1.80523
4.67463	1.79529
4.61819	1.68593
4.63046	1.65362
4.44316	1.77936
4.45634	1.54931
4.69501	1.10548
5.01324	0.594178
5.1898	0.404779
5.50553	0.287059
5.79234	0.212367
6.11535	0.325752
6.27323	0.500475
6.33506	0.714779
6.17678	1.02364
5.8816	1.36615
5.40247	1.6856
4.89854	1.58496
4.53836	1.11571
4.49402	0.33345
5.10754	-0.389669
5.03417	-0.564722
4.90561	-0.525111
4.95359	-0.628747
4.91151	-0.42736
4.70668	-0.45665
4.77054	-0.22331
4.69346	0.272718
4.4328	0.514206
4.06169	0.756372
3.73813	1.14585
4.23021	1.70942
4.87188	1.67961
4.58412	1.49751
4.45458	1.53178
4.27953	1.59723
4.34491	1.63441
4.18519	1.59772
4.52691	1.39641
5.15927	1.01884
5.47411	0.949436
5.68493	0.792151
5.91266	0.421148
6.06051	0.396803
6.22442	0.422404
6.34138	0.492379
6.4679	0.691821
6.34512	1.02887
6.42349	1.1538
6.26214	1.37607
6.15614	1.41911
6.05193	1.25821
5.74322	1.42228
4.37304	1.52052
3.50759	1.28315
3.24934	0.882936
3.20904	0.960533
3.67912	0.43766
5.19033	-0.155992
4.61854	0.765045
4.02748	0.491479
3.85986	0.563571
3.81228	0.610675
4.98179	1.03406
5.50609	0.689752
5.39958	0.790899
5.12338	0.67066
4.47789	0.803848
5.00405	1.00761
3.80449	0.347683
3.65527	0.462893
3.47979	0.347695
3.65674	0.65857
3.79891	0.631216
3.88621	1.10517
3.91729	1.14582
4.06459	0.812102
4.09388	1.07064
4.15067	1.48673
4.20298	1.72386
4.16825	1.70449
4.06931	1.87845
3.94975	1.64786
3.82191	1.74038
3.75238	1.56359
3.59958	1.53289
3.50899	1.3198
3.42293	1.24334
3.39357	1.10421
3.30872	1.18308
3.05248	1.04951
2.91564	0.840572
2.94202	0.544941
2.94282	0.596738
2.79161	0.707359
2.9341	0.64797
2.7613	0.602922
