29.8835	-7.0627
33.0334	-11.4982
35.3342	-13.4965
33.9042	-14.3013
32.5914	-13.3095
32.2345	-9.44512
32.4336	-8.38811
30.8268	-9.12743
31.7836	-13.2502
30.6542	-12.3792
33.3616	-13.0638
32.9361	-11.8207
32.5332	-8.61039
34.9235	-13.1076
24.8284	3.84787
18.7678	19.7703
20.8427	18.718
22.3834	15.8992
24.1525	12.9146
26.0772	11.1405
18.9114	11.0916
17.2185	14.5322
16.653	16.597
16.742	15.644
16.1021	15.4814
21.9859	13.9705
23.0229	14.9081
18.1855	15.5866
28.786	8.30573
21.8441	7.55141
19.7846	10.2028
26.8419	9.02512
26.511	6.51603
39.2818	5.24537
22.1716	5.84963
26.7727	2.59063
23.8508	5.33218
28.0125	4.45504
35.9587	4.14645
24.6951	5.70023
22.2211	7.65015
14.975	11.6241
18.6939	11.8876
21.4135	10.5003
20.9566	10.7779
26.9317	11.9329
28.8701	13.4642
21.5653	13.1359
21.5724	13.1503
17.6728	14.0505
18.0479	15.5439
21.3213	19.1485
12.2177	19.3385
20.1074	14.4277
22.5809	10.9927
21.7481	11.854
25.0775	10.6842
22.4071	10.4984
25.1425	10.8446
21.9754	9.31576
23.8415	10.972
20.0832	10.8508
23	12.0832
27.3125	11.5228
15.3536	12.1917
26.6892	9.84928
27.2242	8.05791
30.9196	5.63116
27.3453	5.03441
26.2452	3.21417
24.714	5.50145
24.6048	5.82014
24.6911	7.9599
25.0555	10.1674
21.6363	11.2255
19.6957	12.7218
21.6777	15.6769
19.3663	14.2407
21.2408	16.1243
12.4886	17.3008
16.2292	17.727
20.9311	15.269
18.1554	16.9055
12.6676	16.4689
18.5727	15.5302
19.5211	14.7008
26.7525	10.8807
23.6123	10.4546
18.7002	11.1172
29.0718	6.79199
24.1319	9.64648
21.7832	9.28589
24.0414	10.8712
25.521	10.1165
20.5721	12.7072
19.1083	13.0983
19.7147	12.0974
17.7593	9.45334
26.5469	6.81903
23.7258	5.58921
30.747	2.73211
34.9176	4.57285
23.096	6.19671
21.7227	7.39163
26.8867	9.22804
22.7088	9.45365
30.4704	9.58938
26.341	9.92724
29.5296	8.81542
25.2133	9.07127
25.766	9.57777
27.1737	6.98818
21.2123	9.61526
27.5718	7.8659
26.297	5.70077
28.0426	3.52666
25.8734	3.32802
32.7661	1.24637
26.3673	6.42096
22.3022	9.18174
30.4416	11.0178
22.1281	10.6378
24.0126	10.5489
24.1693	9.98731
27.3331	11.3372
20.737	10.0057
19.4388	11.3211
18.3416	15.7572
19.1981	16.6907
24.694	15.6137
27.6443	15.4921
19.9077	13.7337
28.7208	15.2232
15.8568	14.6957
27.9408	11.4695
27.194	8.73941
21.5886	7.17418
27.8761	6.05685
24.0412	6.6989
35.5231	7.21527
20.688	6.95241
26.2393	7.14283
26.5651	8.20337
20.2267	7.20268
31.1681	12.651
19.7829	12.7889
21.4675	16.5018
21.3608	16.9808
20.4873	12.6158
24.0297	6.61293
28.7665	-1.53081
32.9503	-7.09148
32.0921	-9.5243
33.979	-15.4954
34.6797	-9.73134
32.7123	-5.36949
30.4393	-11.9408
35.1152	-14.777
38.7916	-10.7001
37.1333	-14.4086
30.9514	-13.1989
35.8548	-14.3717
29.5972	-12.0048
29.3785	-12.0143
33.625	-13.6147
37.8079	-12.1206
30.1852	-9.20188
32.9067	-11.859
33.3651	-7.85723
30.4127	-8.40319
28.5468	-13.0981
30.3042	-12.6149
30.3478	-8.8081
34.4129	-12.399
30.2291	-10.7491
31.9891	-9.19641
31.8575	-10.7754
32.6874	-13.1491
27.5862	-0.626296
24.6286	8.95678
21.2882	14.2984
14.8662	16.5941
19.8127	20.9468
18.5865	19.6873
17.7804	17.0312
17.4375	9.46501
29.0331	0.277535
21.6429	9.73788
29.8965	8.94537
18.6833	10.8335
25.3899	9.32878
34.2101	7.54351
25.7001	6.09375
26.93	6.33479
25.6097	6.42637
31.2561	6.91095
22.6488	7.10203
18.7618	9.23156
25.3563	10.2478
22.9714	10.4717
19.2871	10.9413
19.2723	9.22137
21.6682	9.54358
16.6782	8.6898
15.6674	8.58942
27.0766	6.10955
32.915	11.8276
26.9892	6.91096
30.4979	6.93812
25.2215	7.45482
22.548	7.87006
24.9187	9.89434
21.611	10.8926
25.2479	14.1581
24.5111	11.395
21.4945	11.7081
18.1874	11.3542
22.6651	10.8792
23.9413	12.2846
27.043	11.9971
30.4646	11.7302
19.7968	9.88824
25.59	12.2651
35.7747	10.5282
24.239	8.39358
31.0706	8.53264
26.7669	7.35564
17.5426	10.1828
27.1444	12.7575
22.9905	10.2715
27.7615	7.77599
27.501	8.0887
23.3239	5.09246
21.9872	3.84952
30.7383	1.03229
27.4142	-1.35315
30.4344	-6.23335
33.6741	-8.07263
29.795	-5.71542
31.3403	-12.0397
34.3809	-12.8458
30.5487	-10.99
31.6619	-10.5046
33.6644	-10.9839
32.2555	-9.92401
31.8908	-10.7545
32.5936	-6.97172
32.6688	-10.3458
32.941	-10.288
35.2725	-12.6887
25.6409	11.1584
31.6106	9.58352
26.5942	1.93676
22.7069	-2.01574
24.7347	-3.58465
26.9152	1.65428
22.0164	7.70801
20.3139	12.2453
18.7431	13.4543
20.4515	13.5263
16.9529	17.8565
13.9666	18.3459
19.1114	18.1867
15.2139	17.6336
18.7428	14.5913
24.3598	15.2523
21.6778	12.3453
19.3735	13.8084
18.7161	15.1177
18.1784	14.9637
15.0447	16.1263
16.3779	17.0409
16.5392	17.7747
9.65321	19.2047
19.7413	17.0223
17.6754	14.7489
23.7811	9.5754
29.0262	8.8644
25.2454	10.5711
14.6598	13.1322
28.7701	12.302
30.7652	8.80012
27.8422	7.50868
26.3425	5.35365
38.6384	3.72738
27.9363	5.86778
26.6163	5.25545
28.3128	6.60936
29.8455	8.3965
20.3615	13.113
18.3207	15.2862
24.1607	13.4646
19.1529	13.1401
25.1047	14.8682
22.7407	14.2669
15.7224	14.098
22.6018	13.969
27.775	14.5637
17.2205	16.651
25.2726	18.1787
24.1286	19.6632
16.5693	14.5879
20.3681	10.8982
29.1237	1.43317
33.2608	-5.05361
33.8132	-7.18236
34.1082	-9.88508
32.7835	-5.81125
17.8733	10.2016
17.7402	9.30688
27.7206	4.00951
26.0733	3.15304
26.4895	2.6504
21.6989	4.98163
20.4783	5.56653
33.6714	6.21231
35.6948	3.45817
23.1102	9.85073
18.5824	12.0183
22.6171	15.1788
16.7109	17.5756
18.6005	17.7709
24.9444	16.0199
19.8482	16.7406
29.4498	12.446
18.7965	12.8687
21.2926	14.7922
21.4656	12.566
16.456	13.1316
18.2591	13.1818
22.0635	10.6683
28.9709	8.07337
30.082	6.83734
26.2405	7.51837
20.5397	7.7457
28.5881	6.76575
32.5073	3.5966
34.8038	1.04916
32.2912	4.35668
21.3791	5.76352
30.1581	-2.29998
31.478	-3.40665
32.978	-6.28472
33.1985	-5.3087
31.5953	-6.21211
33.0276	-9.27767
34.239	-14.1196
32.9045	-9.37562
17.3842	-1.48315
43.7135	-15.3863
45.4043	-15.0365
13.9413	1.37338
33.6176	-11.8182
34.3181	-12.1569
32.1818	-10.5448
33.1118	-11.21
33.4997	-8.70449
33.5576	-10.7452
34.1895	-11.3409
23.5423	4.2335
19.3024	12.8961
21.4355	12.5229
23.3492	13.4576
23.3429	13.8304
20.9653	13.4851
19.3122	12.5579
17.5807	12.9053
28.2738	13.762
19.6976	13.9017
19.6805	14.168
19.0921	18.6422
19.2359	20.6171
15.8836	18.9453
14.441	19.4546
19.2226	18.245
17.8513	16.8934
16.7714	16.3221
23.7212	16.0181
16.6096	15.5791
26.7124	16.2125
25.9297	15.759
21.3013	15.4895
27.4097	12.6173
31.5799	8.44853
36.7888	6.07839
35.4294	7.47093
19.88	9.74251
25.7627	7.98097
22.3906	7.32948
24.5071	6.5484
25.7708	4.52955
36.2926	5.81264
23.6101	6.76262
22.3563	5.50307
37.1955	0.930655
19.8773	8.04794
25.6544	6.43156
28.07	10.7643
26.2333	12.3977
26.526	13.0254
22.5709	15.2808
25.1727	13.0025
22.6084	17.0214
14.7888	19.239
20.9005	19.4741
22.9248	6.5124
35.8265	-2.20925
31.8231	-5.51336
31.4832	-5.86875
34.3269	-5.55011
27.8227	-6.32998
30.8715	-8.48411
36.6785	-14.2382
33.7287	-12.9523
36.4217	-11.4442
22.3899	3.8062
22.879	17.4444
26.7022	14.663
27.6537	13.6157
24.796	13.0508
22.9719	13.0295
24.3213	6.97605
29.3087	-0.784579
35.1639	-5.63475
29.7973	-5.29794
22.4694	-2.55322
39.0134	-5.43543
38.3627	-2.74357
18.1523	2.46362
12.8318	13.7423
18.4215	16.6072
29.7965	14.6952
19.981	13.6861
19.7594	11.6363
25.8352	10.9014
24.2127	11.0009
18.4184	10.0417
18.8309	11.56
26.3831	8.15702
23.5686	9.56803
23.7509	9.98804
28.2101	8.54244
22.2746	9.38704
26.9533	13.0407
31.4101	11.8299
27.4341	10.2023
22.2217	9.67543
33.6958	11.2699
30.4169	6.67439
23.3696	7.07755
30.0185	10.1968
27.7075	7.48487
23.3864	7.45533
30.3562	13.9178
18.7633	17.3763
21.1722	11.2384
27.7232	2.71877
32.2628	-4.52686
34.4629	-7.62294
34.0681	-9.15163
35.2237	-8.77522
33.1753	-12.2696
36.5712	-15.1095
34.3012	-9.99021
34.3021	-12.6275
30.2211	-8.70195
37.3151	-7.92859
35.7838	-2.91006
26.124	1.27223
32.8817	-3.15286
29.0193	-0.936783
26.7581	2.29816
32.0026	-2.29918
28.7884	-0.567266
28.034	-1.83389
30.5333	-4.6752
31.0017	-1.83737
30.3759	-3.48783
29.9257	-5.55911
32.3012	-6.59156
30.6285	-10.24
31.4262	-9.90214
33.7995	-13.009
32.8656	-10.7147
29.2547	-8.96107
29.9095	-8.23308
30.8571	-9.44354
31.6675	-13.1198
32.483	-13.3785
33.6386	-15.1816
28.5615	-8.60279
22.9074	8.96213
19.7841	12.7355
25.5528	12.1129
26.1115	12.1776
15.6184	13.8069
14.7317	15.8755
26.4882	14.9289
34.0034	12.3254
17.9029	11.7596
26.0205	4.338
25.6293	4.37878
23.3976	6.97809
30.6778	3.23212
29.1032	5.97409
15.0082	12.2625
22.2842	10.2393
28.6058	1.24317
33.4097	-7.60125
31.4949	-5.62209
31.5847	-5.07916
32.3564	-7.78109
31.1762	-4.61679
35.6821	-6.61496
29.2878	-6.14618
26.5388	0.592409
26.1096	9.88469
26.0354	8.69332
21.6194	7.07055
27.1016	7.01633
30.1001	7.65773
29.9298	4.62947
22.4928	6.3897
27.284	7.34775
31.8932	5.03992
29.2821	4.46255
31.1276	4.56035
26.3527	5.2579
27.5218	7.64598
25.2197	9.3119
24.992	8.6252
31.2207	10.7676
28.8765	12.0526
28.6576	9.99729
24.1665	11.1039
22.4794	11.6617
26.1028	11.9801
23.7483	10.6292
26.621	12.3369
22.1433	11.1179
18.667	12.0308
25.3352	13.2888
27.7594	14.0183
22.8386	11.1227
24.7779	0.872746
32.7912	-9.64284
35.8039	-14.6403
35.7721	-18.2681
35.6726	-15.5445
37.0052	-19.3949
35.3687	-20.2151
34.777	-19.0381
37.2344	-18.2925
29.2476	-14.0458
31.0917	-12.772
37.9914	-15.0351
30.9959	-15.3828
35.7671	-13.3411
39.5458	-16.6909
23.6187	0.89737
25.2871	10.1094
27.8331	3.60968
30.9991	-5.36738
31.8366	-11.126
33.2992	-11.1452
32.2375	-11.9562
31.8467	-13.4421
31.7251	-11.892
30.0689	-2.84312
27.3934	3.54217
24.7074	7.53711
24.2088	9.0095
17.866	11.4122
20.3104	13.9234
22.3853	15.4139
19.4697	14.5825
23.7394	7.69229
28.3296	10.5501
31.3883	8.86442
22.529	8.17761
31.842	4.62342
17.3944	6.73855
21.1505	4.95739
35.3952	3.64775
21.7303	7.02946
26.5848	5.64601
26.3812	8.69306
36.5026	10.0433
27.9985	12.6471
25.2755	11.0639
24.6711	8.20221
28.7875	7.54393
24.1408	8.44494
27.3838	10.3673
21.5904	11.8727
22.4771	11.6454
19.8732	11.3033
23.646	9.15342
24.2153	8.20685
21.1147	11.0392
33.2936	9.34006
29.4841	8.48573
21.6454	6.98792
17.5778	8.9676
25.055	8.60918
27.6419	9.93758
23.0927	9.77877
24.8912	10.244
27.4031	11.1202
17.464	12.4579
26.346	15.0169
17.437	12.1605
23.8732	12.82
20.9037	8.43974
29.6721	2.05596
31.7183	-6.6248
33.9914	-9.09918
29.6017	-1.59755
32.7812	-2.9508
23.2446	9.0969
27.8851	11.4396
34.6027	8.50461
19.1384	7.90096
26.7477	11.1474
32.526	9.51296
28.7103	9.42911
22.439	10.4703
18.9189	10.5184
18.7523	11.1862
18.6937	12.9367
20.496	12.5218
26.2028	14.7304
24.3134	12.7838
25.261	11.235
25.1976	10.2131
24.2179	7.30474
24.2684	7.50424
28.6746	11.6499
23.4043	12.9349
23.4188	13.1955
19.8011	12.5384
23.774	12.8088
21.3229	10.9417
22.8853	9.88208
25.5556	11.6455
19.0887	9.9887
29.6555	11.2462
23.904	9.64807
25.7874	10.8898
25.0525	8.8766
24.6404	6.5721
27.7135	5.06723
22.2318	5.25739
30.9556	6.15473
26.4778	5.2462
31.3357	6.97324
31.0318	5.3852
22.133	7.35251
32.3546	9.61914
24.0033	12.2107
26.8988	11.016
23.5678	12.6037
21.128	11.0967
20.7137	11.7594
26.3161	12.531
23.4875	13.1735
22.7725	13.6848
27.2208	12.9189
24.385	11.6395
23.2392	14.0747
22.1137	14.9585
17.1873	14.0323
24.1689	14.2287
29.1299	13.6638
27.1021	10.5026
24.9341	7.40972
30.9922	6.05237
40.031	7.49739
26.4859	9.07323
20.725	9.11323
30.6581	5.3879
31.5049	4.77234
22.9171	2.97667
25.7555	2.32804
25.6514	3.44325
20.5134	4.79168
15.3599	6.65119
32.2584	5.34962
25.0717	5.95795
15.6933	9.49275
31.0643	12.327
19.7924	11.3899
21.682	12.8399
24.048	12.5979
25.7986	13.9132
24.3344	12.994
21.9359	12.3183
22.0756	13.3109
23.9081	13.9262
22.0687	14.0186
23.2027	14.655
23.183	15.9598
20.9177	12.8367
24.5933	2.17772
29.187	-7.51339
30.8486	-8.23678
31.3058	-9.65129
37.6169	-3.95847
32.2959	0.600399
29.9647	-1.82708
31.1121	-9.59914
32.7745	-8.62072
32.0198	-6.42228
33.5598	-9.51435
35.0692	-8.73829
31.7447	-7.13116
32.0728	-7.27835
31.3035	-8.61368
34.9708	-11.5682
34.5434	-11.8981
27.4334	-7.11881
31.6855	-12.062
32.5352	-14.4617
32.8227	-12.2322
31.8071	-13.0969
31.1331	-6.63283
30.0087	-8.13589
31.8333	-8.80552
31.5918	-9.78912
27.6351	-3.48529
21.3059	9.35978
25.1005	14.0373
31.9647	9.56534
20.9795	11.885
19.7182	11.5506
23.3653	10.1839
25.7016	10.8622
22.2633	13.2639
17.5304	15.9845
17.1828	15.5492
19.6262	13.7587
26.3435	14.1413
20.1856	12.6071
32.2368	1.27437
30.5047	0.900007
11.7749	12.0289
23.4812	8.59224
18.3852	11.4837
13.3218	14.0411
29.2048	11.2855
24.4601	8.47668
22.6581	8.323
19.5038	8.22766
18.6847	11.5964
22.3022	9.01744
27.3646	7.26938
24.5965	12.031
27.7387	11.7986
24.6186	9.12713
29.2987	0.972281
36.0788	-9.99614
29.1897	-6.95902
33.0135	-9.58244
26.413	-2.60769
28.4192	3.33538
18.3219	8.6188
16.308	21.5554
10.278	23.7322
17.4307	22.82
17.5571	22.5797
13.0744	20.7024
19.797	14.881
26.6366	16.5868
25.5661	15.2717
21.8138	14.0238
22.0936	16.1441
25.9995	14.6642
23.9173	13.1457
27.2717	12.1816
23.1993	9.33248
25.486	8.04319
25.1492	7.80078
27.3793	10.9633
15.9501	13.9219
23.1556	12.1637
25.1187	12.3591
21.0268	14.0176
23.0675	12.1892
23.3441	13.456
16.5988	14.926
19.786	15.3488
23.7149	19.201
19.4788	12.9176
28.6194	0.148472
34.4484	-7.65185
33.7286	-9.30184
37.5244	-15.0472
36.5047	-16.4842
30.7394	-11.7765
35.6263	-12.4561
40.5454	-10.9885
28.8766	-8.77678
37.4849	-8.76902
25.3812	7.91375
22.9753	14.7123
26.8045	11.2477
29.549	5.4985
36.1702	3.76104
30.0067	3.51932
31.4506	3.57391
27.274	4.77045
21.9305	7.67479
28.3793	5.29705
35.359	4.70155
23.6326	5.91348
21.274	5.94998
32.6894	2.93269
20.7787	11.4833
18.5721	10.6898
31.1095	0.179728
17.5908	9.81388
34.1352	-2.34118
25.0904	1.15678
23.7976	-1.00568
26.8897	-4.46296
19.5517	-4.81139
18.2886	-5.40514
26.6832	-11.427
30.55	-10.4285
32.197	-13.0603
31.7555	-14.8909
33.4058	-14.0023
39.3012	-17.3548
31.6935	-12.595
36.867	-9.8727
38.9372	-13.8489
29.8383	-10.3565
32.4325	-8.17953
15.1024	12.4937
21.6161	15.204
36.7154	12.8396
16.673	10.4684
25.6811	9.9023
27.3279	8.76496
22.8453	9.9539
27.2425	7.92641
26.3258	11.0734
19.9812	13.1296
23.0012	12.8055
19.0085	12.7819
21.3716	14.3874
20.4914	14.6177
28.3134	13.1171
21.2538	13.4946
21.444	11.5474
38.4325	8.53737
29.8387	6.37867
30.0348	7.77679
23.2489	9.40387
27.3134	9.4271
25.2878	8.17677
28.9889	9.14566
22.1689	11.6928
31.8656	10.16
28.423	12.5363
22.0823	11.8997
20.936	7.01772
26.2955	2.1315
28.4259	4.1949
28.9781	4.24214
28.9985	6.46622
26.3024	5.6438
28.7845	0.407893
28.4025	-3.62815
24.7626	0.768332
26.4898	10.2744
14.7893	14.9554
25.342	14.1317
20.2954	12.1725
29.3046	11.4144
23.9511	9.09589
21.9812	10.2335
19.3002	10.7391
19.2421	12.264
20.8543	14.1842
21.7998	14.5999
20.2565	15.3886
20.3057	14.5428
20.7741	13.4847
31.0683	14.8879
22.2628	12.1789
23.926	9.89949
22.4985	9.47331
24.6906	9.68823
26.6791	8.23857
27.8307	7.12602
22.2663	7.79741
25.9435	8.67454
23.0276	10.5954
19.6466	13.4601
20.6269	18.9753
21.6139	19.3403
11.8849	20.612
15.0076	20.9914
18.955	21.196
10.505	22.2488
24.5679	22.8709
18.9779	19.49
20.5011	17.3311
20.615	14.9908
23.8806	11.4933
23.6301	8.20904
19.9756	6.99961
32.8307	5.72889
20.1297	4.69034
32.249	5.25401
29.3448	5.54657
22.1626	5.32712
30.8565	3.88243
24.7398	5.89207
27.5606	7.62885
23.8545	8.65819
20.8548	13.6155
21.2543	14.5114
22.1791	14.6874
20.9268	14.2352
25.3286	15.2685
21.3753	16.0611
23.436	17.4094
21.481	18.1011
19.4656	18.0768
20.9069	18.0746
22.1804	16.1822
18.6592	9.43337
33.5217	-6.47464
40.9097	-13.9308
21.9834	-6.22361
30.2845	-13.3912
36.3557	-14.7458
28.6732	-10.5256
32.1336	-10.1227
34.3031	-13.1145
28.6611	-11.2364
31.208	-12.8023
36.3507	-11.4963
20.8291	2.94008
18.4199	12.3288
18.7841	14.5911
14.4926	17.9634
17.6114	17.3421
19.7985	16.0552
17.1111	15.5916
12.3199	13.969
16.7179	11.8128
25.034	11.5507
35.6871	8.76849
22.8346	8.38
25.6162	6.83286
21.9871	10.0275
32.5713	6.198
30.9863	6.27168
26.9595	8.41013
20.402	9.04657
20.1674	8.33849
28.2192	9.80022
37.7098	6.37426
24.4254	7.27373
17.3449	9.76486
25.5649	9.18764
34.2782	7.50736
18.2778	9.42562
17.1505	10.0156
19.8392	10.1712
19.6966	10.3416
22.8944	9.64092
21.4082	10.5942
22.205	9.90449
19.9494	9.79977
22.8913	6.95242
28.3021	7.4214
21.1425	7.9252
20.8117	6.55578
35.2173	4.04871
23.0443	5.39865
30.0439	4.82305
30.3427	5.43435
26.6136	3.499
29.9043	6.4072
29.5359	3.59012
28.9323	3.69052
36.8561	-0.986742
23.8711	2.13551
30.8845	-5.86809
35.4786	-11.6265
35.551	-15.2184
36.1524	-12.0828
31.7331	-13.8911
36.7864	-16.5093
34.5679	-15.1984
37.7082	-4.45266
32.355	3.31933
28.9969	6.75448
25.2734	7.24574
28.9397	3.0439
32.4556	-2.48754
36.3827	-4.19876
38.7883	-12.6314
31.5083	-8.87628
31.103	-8.02593
31.255	-9.66544
29.5898	-12.3294
31.9051	-14.2627
30.773	-10.3146
31.3568	-12.0388
32.2515	-15.134
32.2915	-13.6509
32.033	-12.7144
24.681	3.99903
25.9534	13.0221
27.125	14.1713
26.0458	10.0769
27.8555	11.9238
26.7787	7.76476
26.418	5.3278
26.5862	4.8868
26.2648	4.17388
25.718	5.22686
18.1718	10.3921
20.5182	13.2223
26.7884	12.5055
27.3433	9.36806
29.4833	9.20262
26.889	5.80309
21.6034	6.61703
28.4601	3.92606
20.5985	5.35928
16.6022	9.34766
32.5764	2.8959
21.8968	5.80544
31.3894	4.07592
26.59	5.97717
19.5615	8.96995
25.6562	7.70975
20.0576	8.50951
20.9381	7.60251
23.3708	8.56487
30.2854	6.98773
24.935	6.6609
29.3834	5.56841
27.6025	6.81034
27.7437	7.56866
28.547	7.34477
34.8775	6.56636
25.9975	7.88175
20.2897	11.1395
24.3037	9.73266
28.7847	11.2419
31.8354	11.4529
27.9613	11.9023
22.6947	11.3409
17.2447	11.8961
29.2163	7.49282
22.5845	6.83596
28.9494	8.04034
19.3422	8.53332
22.0634	8.92683
27.3068	7.42615
19.2101	8.26039
22.9989	7.76017
29.1909	6.77121
21.2047	7.16544
25.2794	5.59147
23.5709	6.04033
38.6577	7.107
24.8004	3.27232
23.1596	4.75215
23.04	5.23352
28.9803	6.41027
23.8183	7.34524
17.2112	9.94541
30.6756	10.488
28.7595	12.1567
22.3963	11.4456
23.5839	12.0777
25.8484	12.4526
21.7095	8.86138
23.2542	7.34324
24.8818	6.89458
27.0208	7.06413
25.5285	4.43715
28.6768	-1.20953
32.024	-6.35972
31.5815	-4.96112
32.4854	-6.72005
30.5075	-5.29346
33.787	-7.51149
33.4789	-11.8895
34.3953	-10.6051
30.4369	-7.75829
32.9918	-8.56249
32.5125	-9.24177
32.1065	-7.67842
31.3681	-9.5465
31.9898	-9.78654
34.0215	-10.7739
34.4823	-12.5957
32.4988	-8.75418
32.4281	-12.4451
31.7069	-10.1359
30.7879	-9.96053
28.4088	15.6127
27.7207	18.1191
10.7387	19.5065
18.3524	16.6627
22.2028	11.7096
28.1536	1.14497
29.2887	-0.826749
31.5626	-3.65386
29.266	0.562485
35.3529	6.61548
21.7711	13.7703
15.993	21.3496
20.2663	17.7134
17.7231	17.1714
19.229	14.0875
33.8874	10.388
20.2634	14.2464
16.7092	13.6294
24.6522	10.7394
23.098	12.0288
28.0527	12.8471
23.8483	10.2749
27.3459	5.83234
30.6795	2.35846
28.9762	2.08708
28.5614	3.56576
26.8741	1.32523
20.8075	4.40075
22.2182	6.3015
24.9479	6.79134
21.6102	7.41384
17.0947	8.91112
25.5942	9.35865
14.8604	11.1151
24.3553	9.32348
24.7306	10.265
27.6973	8.50329
26.5397	9.4589
21.5998	9.58122
23.1009	11.886
20.2671	12.426
24.5634	10.6158
25.3133	12.3945
18.0082	12.6919
13.9217	10.2121
27.9465	9.3503
30.4199	9.05767
20.9568	12.7464
26.2423	8.03237
24.7436	12.2488
15.0365	15.0519
23.5923	10.2602
18.1596	12.1859
19.6102	9.8387
24.3202	9.57813
22.2963	9.22075
21.5638	7.8598
26.9818	5.71367
27.2471	10.3175
17.6132	12.6014
22.2261	11.8481
24.242	12.4733
20.9774	12.9099
24.2717	10.9929
27.5723	12.8586
29.9064	16.6052
23.5263	11.1663
24.3953	2.00181
29.1588	-6.02262
30.3428	-4.06761
27.8017	-8.08023
31.1175	-11.6711
37.0034	-12.6436
31.3735	-11.989
35.605	-13.1816
33.4281	-8.78007
28.7384	8.48021
19.816	15.6209
26.1469	11.4705
18.9454	10.9558
16.2713	10.5002
22.9907	7.74927
14.3626	11.9944
21.436	11.2795
15.9761	14.319
12.7227	16.7154
16.3565	14.2778
15.4458	12.0182
18.0504	11.3806
22.8137	13.1911
19.4636	11.3827
17.8966	14.0565
19.5357	13.5815
19.3208	13.4741
28.0994	12.599
21.8015	11.9484
24.7483	12.3572
17.7034	11.075
24.0644	11.4624
26.4603	7.99004
23.5141	10.5523
27.9584	8.50792
31.1279	11.1134
21.5898	10.6402
25.7106	13.5051
22.0587	14.8895
14.9774	12.7378
24.5113	5.50106
31.9922	-4.10474
33.5018	-6.11983
26.4328	7.90602
22.2144	11.4979
22.538	10.2668
26.7884	12.0938
23.6429	13.4428
20.1811	12.6918
30.6457	13.336
16.1924	13.0676
31.8962	8.07658
27.449	7.7992
25.2233	6.17696
24.4069	3.18365
26.1679	0.878869
27.5522	-0.256699
18.2364	7.26656
29.074	2.35881
29.1508	2.75291
22.8904	3.16716
29.6729	4.15818
31.0176	5.4615
15.7453	9.15442
28.3189	13.6022
22.1652	12.4493
28.5092	13.3395
26.4017	14.2239
18.6766	13.4444
24.9089	15.2665
20.8681	17.1253
21.1327	18.1309
22.3455	16.7517
21.673	15.0255
19.6198	10.6432
28.2876	3.61709
33.0813	-2.49756
31.5041	-8.71223
37.2703	-17.1694
39.4095	-16.2371
36.5698	-15.8271
34.4008	-14.9714
34.3912	-15.4473
39.3003	-13.3431
31.8584	-9.94462
28.0164	-4.09175
15.7124	4.08374
11.2059	6.31367
27.9575	-6.86461
32.1104	-11.2406
32.687	-12.3916
30.0543	-10.2073
31.5204	-12.1187
33.5548	-10.1118
33.616	-9.92759
11.2363	5.73479
17.2554	6.03339
18.3215	7.65028
25.9668	7.71406
19.1974	8.57523
21.4079	10.3804
24.3069	10.2264
23.9314	11.3983
31.3672	10.1459
33.0482	6.79126
26.0308	8.5216
31.6211	12.0919
26.5024	11.1888
20.9565	13.4215
16.8374	14.4372
21.5187	13.5053
27.1777	12.1695
20.7507	11.7074
25.8091	7.7712
28.6447	7.49514
27.2996	8.37707
18.777	11.5383
16.784	13.9008
20.862	14.6637
22.3441	11.863
22.4982	10.2852
19.2758	10.108
20.2107	9.24218
28.2217	7.69537
30.1613	6.77665
22.0374	9.72937
30.502	8.90468
21.6754	8.73913
23.1646	10.052
30.7626	8.24006
20.991	10.4132
24.6589	11.9758
26.0647	10.9277
31.5581	6.83452
26.9528	6.90098
36.345	2.92124
24.5466	4.03672
18.9839	5.61345
21.7288	4.73285
27.3786	2.5275
20.1283	6.18264
28.9773	0.926559
23.8369	0.706176
31.4855	-2.65655
27.2302	-1.32578
19.6729	4.25942
28.6897	-1.27355
27.5903	0.0238858
24.0539	4.74232
25.6936	4.45304
28.0077	0.783522
20.3408	5.25981
36.9371	2.49388
29.2742	-1.40331
23.9761	-1.01638
29.0348	-7.42012
29.9494	-8.98006
32.3034	-9.29436
39.8505	-17.9951
36.642	-14.3845
32.6737	-10.0516
35.417	-10.22
25.3271	-4.53942
30.765	-7.08289
25.4592	-1.58872
25.7843	0.137957
25.012	3.98323
26.324	5.74162
28.1248	6.88188
24.0698	10.5922
18.7428	7.94066
24.8239	-3.14573
36.4437	-11.3304
37.9692	-12.0252
34.2872	-12.3328
32.3468	-13.5548
34.4797	-11.1344
34.2031	-11.1838
32.4701	-12.3239
32.2464	-13.8804
32.0003	-13.1338
32.545	-12.551
32.697	-13.6317
29.4007	-12.4506
37.6006	-17.29
30.6338	-3.01123
24.7029	13.0406
22.3404	13.4644
22.7818	9.62444
22.702	9.16479
25.4764	9.71652
21.6225	6.81408
26.9006	8.35437
22.6259	8.61037
15.071	14.0058
21.0371	11.7662
18.646	13.2145
22.119	13.1225
24.0723	13.3585
21.8049	13.0813
21.9014	13.2431
24.9915	10.4241
23.2995	9.75036
22.7947	9.76151
20.1764	10.5269
17.645	10.1529
23.9448	11.5175
20.8501	12.4521
20.6742	12.3975
18.5615	14.7884
15.5205	18.1416
13.403	19.0834
22.283	20.6967
16.3243	21.3225
13.9239	20.6031
20.7937	20.9411
13.4334	17.5703
15.2348	16.6952
30.1574	15.0366
24.2493	13.8824
20.7351	11.412
18.2271	9.99022
25.2146	5.56082
23.7458	5.0013
26.6399	4.72666
20.7515	4.33244
26.3336	1.78547
24.7165	4.69869
23.7699	5.58301
32.1207	5.05599
18.1554	8.09358
15.2985	10.0955
28.2926	8.1817
26.8722	8.72962
23.1496	7.97493
27.3716	7.65493
28.8578	8.30632
21.0709	5.1762
30.1551	1.77967
29.9619	-0.0373122
27.0831	-3.28479
33.6961	-7.39401
34.1486	-6.02375
36.8829	-18.889
35.0674	-14.226
32.5141	-11.3435
33.8668	-14.2509
34.2015	-15.1357
33.7213	-11.4081
32.7365	-11.1588
33.3642	-13.1914
31.9341	-10.851
32.8671	-11.7211
34.0409	-10.3958
34.3982	-11.8444
36.3279	-9.95689
34.8973	4.60004
28.1862	8.6517
21.9199	6.70112
28.4806	4.89938
27.6458	6.4784
22.7641	10.3794
18.6901	13.3066
22.1452	11.1857
19.9827	10.1732
21.8235	6.15688
22.7792	3.82282
23.402	6.1403
29.9962	8.33071
30.1042	9.39862
19.3303	9.37165
37.7346	6.5504
23.9543	6.30008
21.0574	8.20511
23.9614	7.59403
19.8049	9.31558
21.3402	8.76351
26.1445	5.25677
21.0095	6.57925
17.53	8.86154
28.0643	2.30939
20.7303	5.85588
22.3848	5.56144
21.664	5.01953
23.6609	5.26633
17.7898	9.91497
27.5601	5.6572
19.5589	8.90848
24.0628	7.97674
21.6792	10.2042
28.73	9.10771
25.1151	10.0158
19.4361	11.271
35.0635	11.1269
30.3463	11.2413
19.4632	11.1628
27.5004	11.1076
27.7977	12.6653
28.2744	12.8511
21.0517	11.714
17.4763	13.9543
18.7091	14.1271
22.6778	12.82
24.6747	10.4526
18.5551	11.406
23.7142	11.6821
26.8284	10.1378
25.7828	7.15254
38.0801	3.78271
32.2133	1.42256
30.1998	3.16469
31.2449	3.76067
25.5634	3.84806
30.1173	2.55041
20.1017	3.66923
26.9073	2.08211
27.9387	3.62159
24.4565	2.14051
22.4164	5.94032
24.0893	2.39385
21.0343	7.12455
25.9925	5.5578
27.6179	7.50852
32.9342	5.351
21.7361	5.31004
28.4161	-0.889723
32.1414	-5.73336
36.7683	-10.774
35.6433	-11.9708
36.3136	-11.2017
41.1429	-16.0655
37.6664	-10.8165
36.3669	-12.0724
34.9402	-10.8335
35.247	-9.5717
35.8239	-13.8696
34.0306	-16.9804
34.5794	-14.0132
37.58	-14.6941
39.926	-16.3248
36.0947	-17.0786
37.0156	-15.3422
36.974	-17.7439
37.9599	-16.6624
41.2557	-19.9116
36.5041	-13.9392
35.299	-15.7727
38.1613	-17.9685
37.8414	-17.6669
34.0199	-13.3163
30.1485	-13.1653
25.7276	-9.23597
34.4978	-12.7101
34.1984	-8.0926
20.4054	10.8462
22.4223	14.3652
22.0743	11.0694
22.7953	11.3609
21.9866	8.85153
17.5505	9.32894
24.2205	7.8054
18.4959	10.2972
26.4255	7.60179
23.7303	5.77405
23.31	5.2423
28.3145	4.42632
23.7947	2.51877
29.2305	1.61886
32.5592	1.79669
38.4006	3.046
26.7402	5.83201
24.9262	7.99651
19.3963	9.67833
25.6749	4.98632
34.1953	-6.2731
36.8436	-13.6581
29.4415	-0.562123
23.7659	10.6547
24.7188	9.35332
29.8993	4.18097
29.9822	7.19758
31.8383	2.77964
22.7341	8.89769
18.6158	12.4374
25.625	12.6983
13.9269	13.8149
19.9553	13.3383
25.2428	10.5966
22.5143	5.29035
27.7863	1.94299
34.7923	-9.03988
32.7295	-10.761
34.3646	-10.5963
34.0036	-8.77358
26.2386	-7.13963
28.7132	-3.09769
20.194	11.3539
31.1079	14.2876
29.5802	15.8453
12.9086	16.8876
24.226	14.9713
21.9056	12.9542
21.196	13.6353
24.9461	16.7736
18.699	17.5121
15.9665	17.0625
21.7516	16.195
22.0469	17.822
17.4795	17.3804
23.5468	17.6381
15.1257	10.6298
21.6928	9.7548
22.8148	12.5821
35.9091	11.1393
19.1338	10.0067
19.1922	10.7911
24.098	9.49545
25.8519	7.59107
25.4364	4.49631
28.7008	3.42881
28.8049	4.07535
30.6205	2.28149
28.0602	3.53183
28.9828	3.42822
28.3652	2.62648
22.2393	5.79731
24.4504	6.50453
19.5696	7.71948
23.6085	6.28304
23.4872	6.75489
27.8654	9.52722
32.0202	9.91164
23.3559	12.1977
20.7178	11.7008
25.0865	11.1088
25.6583	12.9311
19.0469	12.701
30.7372	12.0375
15.788	14.2352
25.6637	13.0469
21.6181	12.0327
17.8795	13.2936
19.9269	11.6757
19.5598	11.3892
25.3828	13.4076
16.5837	14.2182
23.464	16.2785
24.019	14.7434
24.4497	15.3314
20.0362	16.0846
20.6012	14.7634
26.4396	13.7746
26.3943	12.5811
24.1096	14.9974
19.2309	15.7089
17.1905	17.1019
23.3576	16.7843
25.0507	11.6739
20.7088	11.2814
16.5087	12.463
19.2244	15.2368
23.3435	14.5304
20.1776	14.8418
25.8268	13.5892
19.614	13.6837
20.1065	14.379
23.0008	13.3014
22.4751	13.6114
21.7799	13.3179
25.9067	14.11
28.2673	14.7408
22.3775	16.2557
19.8456	14.6858
18.2939	16.0123
16.1094	16.1696
26.2343	18.1233
16.157	17.7914
17.3889	15.5287
24.0241	15.0247
26.0745	8.9558
32.3654	-2.92064
32.5457	-12.8859
38.5559	-17.0103
37.6388	-14.1191
34.0166	-10.2524
33.0272	-13.4647
30.1915	-13.9538
33.2796	-15.7232
33.1004	-12.9618
37.5265	-14.2157
32.1466	-7.28273
35.8575	-8.45476
34.6322	-8.5676
31.8072	-11.5566
36.4226	-13.2683
39.1073	-14.6516
31.2774	-13.881
39.7023	-13.9981
35.6645	-11.903
28.3914	-9.18306
30.4073	-10.1641
32.533	-8.30883
32.1429	-8.69228
32.5596	-13.4561
33.322	-12.0736
30.1752	-7.25523
32.8099	-11.1462
34.6014	-13.2899
36.1695	-15.3895
36.0277	-12.7839
35.6933	-13.4597
31.9593	-10.8774
34.8101	-16.7444
34.4546	-13.8633
33.7912	-15.877
36.809	-15.0568
35.4675	-15.7718
38.0414	-13.6507
36.9267	-15.062
36.9344	-15.6352
36.5239	-14.8242
30.4626	-14.4533
35.7751	-15.1712
27.0661	3.20653
18.9421	14.4509
28.2967	13.4334
24.2681	11.7138
24.953	9.61763
31.3437	8.1292
18.8978	9.92916
22.2808	9.56617
20.5156	8.77288
25.5121	9.38577
24.3546	8.00411
29.3998	4.83364
21.51	6.59805
31.1491	1.59246
30.0054	2.90422
18.3058	5.90664
30.6159	-0.673264
30.8014	-0.287244
24.6332	2.89705
23.8785	4.8674
31.2581	5.27384
30.3558	7.51174
31.6521	5.10617
29.5421	6.61966
29.9182	6.4713
24.1171	9.61926
34.4014	4.54339
22.9033	4.83678
24.4488	5.74742
38.6345	1.40606
25.9628	1.41388
27.0527	4.46799
35.3184	1.25576
27.1465	3.80252
18.6669	9.82049
22.949	7.94295
18.2454	10.7217
30.7383	7.84193
27.4437	9.91412
26.0348	9.62893
20.9553	8.33253
23.2909	5.84949
34.9014	2.44733
19.8428	8.78072
23.6351	6.72921
20.5036	9.61382
20.2115	9.09974
25.1992	7.47183
32.0365	9.13212
24.0976	6.90723
28.7107	3.82488
27.3607	1.78094
31.221	-4.30605
31.0659	-5.67586
31.3826	-7.76869
33.0665	-8.86956
14.8236	2.66164
19.009	5.21432
21.786	7.38482
34.0842	0.513702
22.6022	4.31204
21.7584	3.24928
32.9399	2.551
31.4816	4.56206
26.3697	4.71809
25.918	6.2311
20.3947	9.61034
13.655	13.6089
24.0247	12.9802
22.8081	13.4424
22.8045	15.6119
23.6349	13.7345
23.627	10.95
21.3678	11.0551
26.2428	9.9519
19.5842	8.93024
25.9621	6.65891
27.4015	1.22091
24.5878	5.42578
28.7658	12.4005
17.5066	16.4844
17.7367	16.1875
23.117	16.6245
19.8956	14.742
25.5689	13.8329
26.6128	10.2298
25.4057	9.73696
21.7679	9.55897
20.7125	9.40086
27.3475	7.72913
26.4285	6.66515
24.8802	6.53752
24.4776	6.20418
26.4984	4.07768
27.9138	4.04695
30.0047	4.45243
27.3026	2.58269
27.7181	0.895193
26.8225	2.54125
19.2817	6.10726
34.6856	-0.241117
28.9941	3.41719
32.0144	1.87162
22.6409	5.01238
26.7268	6.49775
16.2157	8.01859
25.9028	7.42514
23.327	6.75931
23.5414	8.70025
27.7901	8.54559
30.2321	3.39468
23.3099	4.95073
29.4999	2.12163
23.4939	2.55416
28.2067	2.78704
25.7495	1.85822
24.7282	3.61855
26.1016	3.60226
33.3335	-1.52494
23.0012	6.87229
24.8519	6.41729
33.5142	-8.13583
37.3603	-12.4248
34.9718	-9.1489
34.5507	-10.7607
20.5919	2.99903
26.4702	6.47187
27.2101	7.13572
27.0165	8.92617
21.2487	10.6239
21.9307	14.4433
22.4304	12.1354
21.7491	14.8221
18.3489	17.4446
13.438	18.6593
15.6666	17.8051
17.8868	14.4267
21.6809	11.3536
26.2761	3.84867
29.3684	-2.71879
31.5343	-3.60034
31.7525	-2.09361
36.0617	-0.697942
24.6465	1.52776
26.0303	10.4301
15.9139	21.8248
14.6857	22.399
10.9662	22.8925
12.5825	23.4376
17.1243	23.2871
15.9384	18.8319
16.7861	14.8714
20.5396	15.6145
28.5221	15.9473
17.9926	15.01
22.0992	13.3834
19.1086	13.7857
29.6964	12.7428
18.7986	14.4919
21.1545	17.4937
17.3475	18.2505
21.8153	11.6596
25.5786	-1.10985
25.1968	-1.10299
21.7679	4.90769
23.0752	10.3012
27.1592	9.99112
22.1732	8.26512
23.0916	8.44055
19.1639	11.0522
18.8402	10.0238
26.1633	2.59673
23.5928	3.16717
26.0567	2.53042
21.698	6.07959
33.2557	2.34176
23.9461	8.59663
18.9136	9.05719
29.3436	6.0557
25.1249	4.27243
32.9606	-2.34664
31.7562	-9.33077
42.4956	-9.91086
43.91	-11.5805
27.1249	-11.3947
35.7177	-14.0601
31.5132	-11.3926
38.6104	-15.9158
30.7039	-14.2999
30.9084	-13.3952
35.4165	-14.0715
30.0633	-9.52241
30.4139	-8.01783
30.853	-9.07479
36.1537	-13.8876
32.1884	-11.8463
29.9178	-8.26051
29.2635	-9.69714
20.3409	5.43107
26.2155	13.7356
32.1209	10.3911
17.3101	12.344
22.8183	15.274
29.6127	11.3683
22.0701	12.0271
22.8557	11.979
14.5809	17.884
19.4358	16.3823
23.5196	13.4639
30.776	12.3717
18.795	9.99984
20.6784	7.86999
27.0306	6.48487
24.7852	5.96539
21.4743	5.96698
29.567	5.82659
21.2127	7.53491
27.0257	6.16843
26.121	9.54255
27.2004	6.76625
31.7286	2.3615
25.5874	-5.08455
31.2976	-10.4887
36.3306	-11.5459
40.4798	-14.6035
37.0764	-11.5088
31.4739	-10.0583
34.1073	-11.5118
29.0289	-11.046
32.8861	-12.8058
33.492	-12.5872
27.8563	-9.03721
34.8334	-11.8696
32.8536	-6.44787
25.5595	2.38362
19.4077	9.37091
33.7672	2.65773
23.3541	3.08654
27.1555	3.44527
33.6953	0.932747
37.7098	1.39758
20.1944	4.88388
26.232	6.0646
24.2756	8.15501
26.1163	6.12291
20.7005	5.81817
17.8496	13.1532
16.0079	15.5335
17.4999	13.8477
16.376	13.731
17.8776	12.5498
24.6735	12.2096
20.6253	14.4019
23.1963	13.9966
26.9529	12.2453
21.6131	10.5772
27.6183	11.2643
27.3091	7.80173
28.1406	6.80159
22.0511	11.5828
27.9111	8.03486
29.7907	10.1104
31.4969	11.8399
21.1325	14.0179
17.7275	9.73227
22.1894	2.77427
29.7496	-6.77647
31.872	-10.0418
31.1032	-7.60872
35.6332	-7.58772
28.4861	-9.53682
33.909	-6.63978
32.9922	-9.52784
27.0301	-6.90769
20.4191	-3.51508
26.4031	-7.95191
27.952	-11.4325
25.8471	-9.77745
17.8964	1.31477
33.7847	0.86784
28.1367	5.76457
12.2393	17.0101
17.9719	18.1242
22.9784	14.963
28.1264	12.7438
21.9478	13.8676
22.6859	17.1122
17.0422	13.7311
23.4656	12.9091
21.3314	11.4152
28.3201	9.67042
30.7275	8.67597
22.2794	10.0625
26.7437	9.74706
24.5995	12.4147
22.1132	13.0465
23.4955	14.2027
20.5382	15.9985
24.7055	17.4011
18.3144	17.4379
13.0197	18.5326
21.1092	17.761
17.5706	17.8928
19.317	21.2075
20.3427	22.8715
14.5188	25.0738
13.9407	24.1947
18.3976	23.2371
17.6448	25.1798
19.8911	24.3718
22.2213	23.9714
15.9862	21.1603
20.2884	18.8389
27.8654	17.1866
25.1333	16.8559
28.1935	18.0322
21.3427	17.4368
16.5942	10.3476
22.7527	6.55139
28.6082	-2.40799
28.5252	-6.27381
31.7768	-10.8757
31.1216	-9.24939
31.2117	-9.73936
31.1481	-9.56203
30.0084	-8.81094
35.6329	-12.9599
31.8929	-12.6482
33.4377	-13.3776
30.732	-11.7914
32.7917	-11.355
31.9946	-11.0853
30.2669	-7.38399
19.5173	6.26792
19.0045	19.8444
18.7957	18.4571
29.0263	16.8593
26.972	14.7335
21.3703	13.5492
21.4872	14.5345
17.9932	15.0941
21.4867	15.8885
21.6607	14.2814
12.513	16.1664
20.5701	15.8216
18.372	18.7112
14.8738	20.6303
21.1171	19.7336
17.3202	17.6934
18.2072	9.14852
26.3877	-2.996
33.4809	-7.39115
28.6073	-4.99751
31.5379	2.17222
29.4545	7.82339
21.0813	14.6765
13.5844	19.0178
17.7634	16.1152
18.0089	14.9724
21.5928	11.3621
21.7836	11.7547
25.1701	9.1672
29.2066	10.3792
24.0905	11.9053
18.5364	12.2347
28.5429	12.0139
20.74	10.6694
21.2417	8.64556
22.0141	8.2655
19.8785	12.1055
22.0146	10.3424
20.4341	11.7922
20.9178	15.3052
27.138	14.317
14.5352	17.5783
22.9668	16.9868
25.6164	21.599
15.1097	19.665
19.3726	18.3659
18.8026	14.798
20.3121	14.1112
18.7517	19.1887
7.92271	24.0234
10.4555	24.5842
23.7529	21.0638
16.5145	17.3221
20.1469	12.3547
20.4432	12.0086
21.0139	8.77616
26.3783	6.08304
18.1533	8.46249
25.3531	8.18353
22.5526	7.94141
26.6063	6.78228
26.8789	4.871
31.991	1.29181
23.9284	4.50312
25.2094	3.42265
28.4797	5.18522
23.5615	6.30805
19.8081	11.1604
23.6894	13.3672
26.2683	13.1626
14.1535	10.6835
17.4785	4.57262
17.8365	13.9519
28.5489	10.6745
23.1551	11.2074
23.8359	13.7515
23.5807	12.9829
20.8658	15.6103
18.7692	15.4389
23.5255	2.311
32.4529	-6.05647
36.3229	-8.48637
32.6007	-11.3861
34.3706	-10.6357
40.643	-14.7757
41.6887	-13.6093
32.4634	-12.5737
34.8123	-11.4551
24.1161	-7.45932
19.1583	7.30288
21.6075	17.0358
22.4957	13.7269
23.7186	10.6297
17.3211	12.0975
18.8232	12.6853
22.8157	11.7495
13.2814	17.2818
17.5662	16.3881
22.7469	13.6051
21.5555	13.1392
19.0197	13.7498
16.4074	15.9403
20.9257	15.5754
20.456	18.5165
17.2474	17.6138
23.6149	17.949
21.2347	17.3431
23.4485	17.8808
25.479	14.9864
20.034	16.7723
19.5921	15.7669
16.4321	16.6317
16.3744	15.5586
23.2719	14.5016
11.9784	17.8993
21.9545	17.7941
26.4093	18.1446
16.3801	18.0097
27.0305	18.0172
25.758	20.4408
26.7942	18.9034
26.0107	17.2066
18.1923	14.8653
23.4768	12.6667
17.1596	11.0119
16.3708	14.7777
16.0705	15.035
18.3586	12.8149
24.0571	11.4217
22.6402	12.1361
18.1587	13.1878
20.8289	14.2527
20.4903	15.6182
13.3226	16.0239
23.0197	10.6081
27.8512	0.23582
28.1887	-1.12047
31.6335	-5.50974
32.5717	-8.69739
23.5909	-0.986603
20.6306	12.7462
25.1513	14.9973
23.6387	12.4154
24.7828	11.8356
27.8362	10.0434
17.8945	11.6447
26.0206	12.1905
24.9709	10.1357
25.1513	9.00601
23.8022	9.81642
25.6026	11.0159
29.0699	9.55774
20.5545	11.5908
14.5762	13.9634
19.0671	12.1643
22.8328	13.5245
25.9912	16.1473
20.755	13.9517
19.4436	13.2924
23.2149	15.4878
21.7757	13.2628
22.6	14.0499
16.7703	14.4651
21.8343	16.3224
21.9854	16.6253
20.2798	11.6156
22.4138	8.00217
24.483	1.58619
25.0613	-5.93956
25.328	-2.48357
35.0189	-9.30273
27.1133	-9.13886
37.8195	-17.4323
32.8623	-16.3861
33.6239	-15.3206
35.6403	-16.3424
36.535	-18.1804
27.7642	-7.98841
30.6806	-2.95089
36.4662	-11.821
35.0592	-11.2784
36.3561	-12.932
27.6155	-7.20531
29.5947	-7.32137
31.0735	-9.29688
28.6676	-8.11256
29.9721	-9.08248
29.9075	-9.59387
29.4786	-5.4519
30.4681	-9.37763
29.9007	-9.77909
32.2821	-11.5652
25.8948	-6.97066
26.7157	-4.75016
23.1551	1.93688
22.5705	13.7192
22.2565	15.0714
14.2796	13.8143
25.7334	11.7223
23.115	11.7872
23.9343	11.3013
23.5243	11.0839
29.0173	13.2251
28.592	11.7822
19.6147	12.6079
17.2853	12.6311
20.172	11.8872
19.1267	12.5848
19.372	12.9564
21.9729	11.7775
28.673	11.7449
20.9746	14.3745
17.7992	13.9069
28.5305	14.4131
15.6275	16.3573
14.1084	17.3603
14.6549	17.0844
15.3868	17.7323
12.4877	18.8227
10.6848	21.0109
19.1226	17.5559
14.4245	16.7036
19.6308	12.0843
16.9249	14.6526
20.6494	11.5195
30.5287	7.11917
17.5728	10.8594
26.6156	2.93421
29.2884	2.36908
23.7196	6.2714
26.6201	3.59912
30.9592	0.254499
20.1772	3.01888
26.2175	0.467088
24.7619	1.33925
19.7901	6.51275
41.38	1.22619
16.0209	9.92511
21.0236	8.73089
24.6736	8.19843
16.5505	7.41209
27.987	3.71238
20.8951	7.80534
23.0991	7.00796
32.6178	5.73289
25.9212	8.62575
21.2612	7.58554
28.5611	2.99824
34.3526	1.31135
26.0151	2.19961
25.0601	5.58354
32.1659	5.65065
20.4033	10.2225
22.5371	11.2251
23.3665	5.01819
29.8101	-3.27791
33.1978	-10.5751
32.2356	-7.32392
33.8581	-8.71797
32.6199	-9.61469
27.5505	-7.84696
19.6102	3.73207
28.986	9.29575
32.6495	11.3985
16.9777	11.2269
24.2393	9.5622
25.3256	8.66126
23.7859	7.62424
21.9902	11.0543
25.3104	7.99742
27.2118	7.58371
26.0158	11.1953
14.2202	14.2467
21.516	15.0079
22.6752	13.5397
21.1253	13.5309
24.0116	10.1063
29.3808	11.3499
18.3885	14.5234
24.3403	14.9457
19.1309	13.6335
17.5139	14.8827
21.6395	13.2259
21.5269	13.8415
24.2324	12.4017
24.6162	10.4059
29.9179	9.31897
25.183	6.48505
20.5934	7.34031
25.3178	6.03332
26.556	5.51233
36.9491	4.37044
31.4646	6.91592
31.5702	5.19412
23.4167	6.20488
27.2589	5.77308
28.439	3.08491
30.9577	3.79309
30.7263	5.92713
27.8968	6.74158
29.7563	7.31406
26.5898	7.12559
23.3889	6.32545
22.7641	8.21688
33.8635	7.85579
21.4764	8.67642
28.6288	3.3938
24.4266	4.63378
30.8046	6.79082
20.7688	7.64664
22.9873	6.90706
18.7209	12.7278
12.8336	14.3122
15.2894	11.8186
23.8896	8.32287
23.6781	4.98412
28.4036	-0.948032
32.5102	-5.00281
32.245	-9.15162
32.3986	-10.3616
30.1329	-7.78643
15.0925	10.7877
28.2031	13.9018
27.2473	9.47207
25.0571	8.99041
31.6884	7.66188
21.7867	11.2744
22.9445	11.6989
20.6829	9.35164
21.1605	13.0796
30.2376	10.1263
23.0004	13.0591
15.2051	13.5402
15.9374	13.6876
16.5535	13.2174
25.0434	12.765
20.8224	13.8258
21.6149	12.6696
23.2036	12.5675
24.6825	11.5596
20.6038	12.6755
19.9996	14.0604
21.3073	14.9151
18.5403	17.3986
16.7071	18.4737
16.7348	19.4061
19.7103	21.0464
16.3236	20.9897
13.5768	20.4762
11.5078	19.3983
15.8746	17.604
19.7145	18.0429
14.6284	15.7504
19.4592	17.0937
23.2567	17.1818
18.3491	14.4289
18.4289	15.5381
21.0042	14.7906
16.0928	14.3264
19.2833	13.7643
18.6858	13.3921
21.8497	13.5337
17.4271	11.592
22.0937	14.6328
21.3519	16.7785
21.1187	14.7094
22.9327	6.94743
26.8283	-1.71943
34.7303	-8.27513
37.2543	-11.653
33.6616	-10.342
34.766	-10.6221
33.8766	-13.5176
38.3022	-16.5187
36.9215	-14.2868
33.0372	-12.4702
33.589	-12.983
38.9695	-17.0049
38.6869	-14.4842
29.2348	-0.0178504
28.9978	1.97743
32.0252	-8.49822
33.0731	-6.91136
27.3191	-1.77086
29.6317	-6.56552
30.647	-10.0476
30.9975	-12.9395
35.5302	-14.5424
37.9634	-13.3306
35.9333	-10.3551
32.2734	-9.37235
33.4668	-8.03217
32.9577	-12.0159
33.1044	-11.1059
32.2299	-11.6519
31.7173	-10.192
30.8474	-10.0171
32.6022	-13.9536
35.1337	-13.8275
31.3401	-12.0759
29.1654	-9.84348
26.5434	-6.98054
32.508	-13.6038
33.9449	-12.0273
33.8084	-12.9869
23.2023	-1.76652
18.8481	16.003
21.542	12.2658
26.4288	9.86543
28.2834	6.87909
29.3487	6.14527
37.2569	5.55626
27.599	8.95941
21.1649	13.4569
25.7362	13.6464
20.117	15.0614
16.7173	15.0224
15.8101	15.1303
22.1449	11.7506
34.8793	10.9055
19.9428	10.3422
23.4431	11.0327
23.0593	8.91929
18.1622	10.933
21.8627	10.0451
21.884	8.49211
23.9615	8.96752
27.5523	9.65563
24.2906	9.5523
23.2058	8.78977
25.4054	10.1138
26.8254	6.03691
22.7232	6.25499
16.8227	8.61764
27.2401	5.76024
26.6095	4.89738
28.9094	3.64451
28.0892	5.41554
25.7047	2.69987
31.2946	3.87793
26.9715	2.25133
21.9504	3.41646
24.5289	5.67764
22.4325	5.69462
23.2169	6.6245
16.4029	9.19563
25.3528	4.7546
26.4259	-1.18038
34.4182	-7.28613
35.0201	-8.64672
40.327	-12.4973
31.9206	-9.60847
34.7428	-11.3229
38.0752	-16.0598
34.9195	-11.2275
36.8359	-13.2161
34.5164	-12.3786
36.7134	-13.579
36.8249	-13.989
39.9035	-13.2084
37.6356	-13.1174
35.2168	-14.1067
38.6392	-15.9076
36.0908	-13.8341
32.6436	-12.5521
31.0305	-13.6372
26.5922	-6.44073
23.8293	-6.15959
30.5871	-10.5133
30.9843	-12.6339
33.1977	-15.4486
29.8927	-11.7128
30.1421	-9.51556
34.6575	-9.51781
32.6375	1.09116
30.3266	6.52319
32.5716	5.10226
29.6933	5.63215
31.2668	1.27391
42.3668	-0.0102012
32.2707	1.39687
30.6669	3.49237
25.3806	4.34952
29.2433	3.56708
30.1192	4.0368
35.0027	3.65273
25.6657	7.14248
22.1768	13.6422
22.8237	14.15
25.6142	13.495
19.1247	12.7531
22.3419	13.8238
15.714	13.6411
18.5757	14.3657
16.4813	14.3802
13.3937	15.5127
19.7686	16.1715
14.7726	12.8876
22.5272	2.25647
35.9518	-5.7151
30.6526	0.295178
28.1277	2.7419
22.4435	5.27213
26.1116	4.23392
26.7625	4.26469
24.8927	6.42041
30.7904	2.33923
29.0709	2.48753
26.2465	4.11966
23.7436	4.06839
24.7843	4.24237
33.3626	0.607994
36.4021	0.989448
19.1895	5.38679
14.5764	8.74771
38.401	-1.90077
29.4785	-1.55332
20.4147	3.71378
32.5501	4.06804
29.4786	1.60641
31.4183	-1.17209
22.3441	-0.578455
33.3236	-6.67741
32.9772	-7.43908
37.0118	-2.23412
27.3848	2.21605
28.0936	7.68278
21.0557	8.71602
21.3863	8.61541
30.5404	6.25046
35.197	7.68863
23.1631	12.405
20.1988	11.5927
21.2022	11.2918
23.7232	13.3772
19.2895	12.7687
25.3432	12.5833
26.3252	12.6774
26.8935	14.7606
24.4946	12.6166
31.8019	12.3039
28.6652	13.4853
25.0196	13.2666
26.4348	17.0665
21.9967	17.9838
23.7708	16.949
20.748	14.5138
16.841	11.8477
25.0925	9.98442
25.8504	10.1631
30.9693	9.73467
31.7243	6.32618
27.7244	4.61444
21.6488	6.71187
26.0572	8.41262
16.7988	10.3715
25.0904	6.68909
19.8429	10.6702
21.6725	9.2577
23.4132	10.5489
22.6153	12.9331
25.3962	10.9399
25.4828	11.8965
22.4049	15.0844
17.7894	17.7479
17.655	15.5332
25.9125	14.3265
16.2884	14.0239
25.4698	11.1391
26.7444	8.83512
22.752	8.41768
21.3575	9.51289
23.2622	9.3076
33.4375	10.3013
16.342	11.8301
26.4865	10.7128
30.0832	12.0521
18.8624	14.0573
29.5693	12.825
22.9559	11.1675
24.7717	7.96983
26.2893	3.83151
28.3289	2.56205
29.1768	4.7049
25.0549	3.36696
23.749	3.399
21.4132	6.73772
19.4984	7.75777
16.1882	7.46245
24.3812	12.1147
21.4546	14.5126
25.1775	12.6158
25.9413	9.89591
27.0952	8.7362
29.8214	10.8266
23.7158	10.6789
22.9135	11.2324
28.489	12.3893
23.7062	12.121
30.1671	10.2768
33.5504	9.82011
20.7897	11.4506
20.8691	11.3816
23.8067	11.1163
29.5447	12.3434
23.0452	14.0152
19.4395	11.3411
19.5089	10.7412
27.3541	9.29888
25.1489	7.69447
17.4808	9.35843
25.5427	9.07223
21.0154	11.0781
21.5424	13.0495
18.4524	15.7861
22.9237	18.2106
15.0533	15.9892
22.2877	15.1709
21.55	16.6425
20.5089	13.5947
21.1972	14.3791
20.6579	11.1177
19.6216	12.4514
21.0775	10.1477
27.7278	11.843
22.0336	13.2934
22.019	12.4649
29.2981	12.468
23.3744	11.912
21.6256	12.7103
15.8883	15.9056
25.0299	15.9658
22.8335	16.955
22.4412	13.0654
22.6444	14.3006
21.9789	12.3441
23.2236	13.2195
21.8155	14.5975
20.8472	15.5214
19.47	13.1784
20.063	11.8496
17.7005	9.84949
28.4591	-9.04811
30.7804	-9.72617
32.4156	-7.95651
33.4061	-10.0734
31.7151	-8.9615
31.0367	-10.0062
29.4261	-10.5458
34.8091	-12.6731
32.9333	-11.5702
20.1217	-7.26937
7.19945	3.57846
3.10324	7.9597
3.38206	7.98772
11.1942	4.15642
23.0002	-3.90006
22.282	-10.0868
29.3269	-16.2207
34.7981	-16.5968
33.1096	-12.9532
33.7215	-12.3103
35.8149	-15.8521
33.236	-5.90426
28.186	-2.6101
12.9102	14.5948
27.3568	9.75582
21.4772	8.21682
34.8797	1.2102
32.409	1.35216
31.5956	1.64108
27.0707	2.38087
18.7825	6.21615
34.3932	4.63674
33.9758	3.27242
21.14	9.01417
21.8833	11.3981
16.0296	12.6584
24.1273	7.43406
31.3832	1.84827
37.3018	-6.69369
29.694	-7.62019
29.4646	-9.49358
34.3483	-9.53488
35.896	-11.2046
32.8669	-13.3769
32.8172	-9.55107
33.7915	-13.0802
35.0442	-12.9066
32.9112	-12.5564
32.2932	-11.0371
32.0557	-11.7668
30.7206	-10.1465
31.4957	-9.23463
32.944	-8.11699
34.3753	-11.5668
31.1382	-10.5236
22.059	-2.86537
27.5856	12.4826
19.7303	14.5956
26.3956	9.04264
15.83	12.2777
20.8593	11.015
24.5722	8.96427
21.2436	14.4919
18.4198	11.2944
23.1605	12.5625
16.8482	13.0936
15.6958	13.4909
24.2335	14.8668
22.4279	15.7674
15.5811	18.2585
18.2836	16.7376
21.2896	18.664
16.1935	21.4527
15.1099	21.5637
22.4468	16.2034
17.4465	21.694
17.4886	20.5991
19.5019	16.8092
16.9828	17.4032
13.0389	17.4575
25.0724	15.8439
26.2451	16.0105
16.8997	14.5313
25.6413	12.7344
25.1578	11.3198
22.4606	12.5677
24.5093	11.5583
23.3293	10.8073
23.6991	11.2146
19.6352	14.7027
16.9121	17.1912
17.2116	16.5089
15.2447	16.0313
15.7386	15.8045
20.3218	18.6284
17.0918	20.4052
17.6829	22.0266
16.2874	22.2339
14.5049	21.7977
14.7234	20.6263
19.7093	19.3081
23.3048	18.3578
26.4442	16.4338
19.8144	17.3371
19.5555	18.6442
22.5255	15.6585
15.1511	17.3093
14.1531	17.3333
22.1305	18.028
16.7721	17.8895
15.5565	17.1719
21.1683	16.7807
18.6685	18.2533
14.5561	19.4931
16.6989	20.2975
14.6991	19.4277
12.7116	18.9491
22.6614	18.3501
15.0937	16.3633
15.584	15.7772
17.41	15.4407
18.6266	15.0533
18.5586	13.6862
18.2156	11.0794
21.2915	7.68914
21.9763	5.50787
23.7149	1.19637
26.046	-0.734295
24.4224	-1.55875
23.0209	-2.57615
25.9522	-2.51591
25.6413	2.1771
20.5992	3.35629
21.8517	6.11455
27.8053	7.89188
23.1192	10.3275
19.7576	9.1839
23.8748	10.0844
21.4269	10.8704
27.5693	10.4355
24.7431	9.89893
21.7262	9.23321
20.2711	8.44688
27.2675	7.7898
24.5856	10.5406
21.2117	8.31032
33.5504	8.51108
24.6263	7.81581
30.6135	2.67821
26.7169	4.31264
31.9395	6.29881
25.0641	8.33436
20.3049	12.6105
11.0015	14.2181
25.0071	12.4758
24.2915	5.40791
25.7688	1.71503
30.6079	-2.49092
31.1285	-4.82435
28.5743	-4.17732
33.0121	-4.41855
29.3141	-3.64904
33.3328	-7.7792
42.6686	-12.8106
27.9508	-3.08737
21.6357	10.3795
23.3857	15.8528
23.0957	11.5815
23.4133	12.8132
27.0492	10.4436
29.2445	8.94778
23.0861	9.2397
20.7882	10.8999
31.4679	5.41431
24.2806	9.34567
21.7704	11.5948
22.7703	10.9714
22.2838	12.3527
24.4482	12.4934
21.9827	14.6901
19.5685	12.252
22.6209	12.2901
21.4524	12.3243
19.7318	13.334
22.1504	13.8271
24.4259	12.563
21.7299	13.1994
21.0546	13.9419
20.3032	13.6716
22.2226	12.775
16.4235	7.75189
30.6816	4.16346
21.8283	10.1316
25.0776	10.6431
31.5779	8.92004
31.1553	7.71077
25.8025	8.12397
33.7315	7.32198
23.6604	11.0033
22.7298	13.9587
27.5326	12.5209
22.0029	11.7787
24.0663	11.9647
27.2233	14.4154
25.3892	13.556
24.2527	14.4088
23.4403	13.7136
26.9574	11.1766
26.2744	12.6002
25.3972	12.9367
32.4465	10.8901
26.6691	11.0865
22.981	10.8226
35.8729	13.7467
23.0477	16.2146
23.944	17.6533
26.9757	15.5353
19.1642	15.2881
20.1765	15.8994
19.2027	15.3645
18.0217	14.3954
15.4862	14.5972
23.5132	13.0149
21.0533	14.0703
20.6494	15.2846
23.6853	15.4065
23.8303	14.339
21.9745	13.9588
21.2457	14.9982
20.2539	15.2098
21.3136	15.3978
25.7871	15.1353
10.0688	15.3072
31.3464	9.21743
29.3568	9.44346
22.169	8.25665
29.4951	8.05589
25.4001	5.84437
26.5744	4.20681
25.3068	3.96686
22.1422	4.89334
28.7121	4.46835
35.1109	4.53529
26.5707	6.39655
15.6829	10.7591
27.0917	12.9312
24.1147	13.4237
29.3558	15.158
22.8219	12.548
17.7204	12.1882
24.6881	14.2732
24.6138	13.681
24.4653	15.1846
23.7419	16.1443
23.9011	16.8593
24.6069	17.2937
21.6512	15.7488
19.7428	14.9692
20.382	12.2182
27.3247	11.7356
32.5998	11.1938
23.1178	7.78689
29.5055	9.65954
29.233	8.6917
22.6446	8.81872
29.3697	10.8266
25.5183	9.60116
22.1827	10.4375
24.5529	9.98772
29.7895	12.8445
23.427	11.8921
22.4633	11.462
21.6359	7.34507
25.5357	8.30019
24.5971	8.95695
24.686	3.23139
26.8836	2.11682
28.1197	-2.77309
28.9205	-5.74991
25.7847	-4.6986
21.1852	-2.96981
22.7459	-5.53014
26.0947	-6.19216
29.5955	-5.0822
30.3801	-7.27485
20.7414	7.71454
25.4411	7.48405
14.9617	11.758
19.3323	9.87788
28.6044	9.35861
23.7207	12.6052
14.5612	14.6588
18.9215	11.823
26.6402	2.98679
33.9416	-3.85281
31.2683	-7.7704
29.7329	-9.21193
30.0651	-9.53053
36.3628	-13.2692
33.422	-12.9181
36.081	-12.3546
28.1764	-8.57181
32.0364	-9.33898
33.9376	-9.20116
31.6558	-6.13014
33.8502	-8.2493
34.1152	-9.84883
33.4806	-9.95835
32.2976	-8.23383
22.6607	10.9099
31.6822	13.9762
27.0944	7.01365
29.4833	3.09751
34.9793	1.21806
27.7829	2.03913
29.5323	3.87257
32.9333	4.14076
23.4934	2.76019
27.1617	4.95826
30.3549	5.92368
25.931	10.8798
16.7972	12.3203
25.9947	13.6568
27.5422	10.635
22.8841	13.3592
21.0492	15.4717
23.5873	8.61927
26.4593	2.17801
18.266	1.749
29.9597	-2.17327
32.2275	-1.66026
24.4705	0.390575
29.7546	-2.40367
23.6331	9.03025
17.8314	18.1905
19.3671	20.1216
22.2511	18.3287
23.4424	13.1491
17.4095	13.5184
19.0746	15.7446
24.3938	15.9707
13.2337	16.3515
13.0273	17.3977
21.8149	18.1904
20.1282	16.3487
17.4788	13.9254
26.3393	12.8534
20.4651	12.2516
26.2511	11.5717
22.6108	10.4859
19.3469	13.301
19.9083	13.9954
20.6028	13.0925
22.8575	11.7721
26.3958	9.14223
26.5749	10.6279
25.1601	12.4883
27.1031	16.0979
10.1571	17.3104
23.8916	15.4252
20.0214	12.8141
28.0456	8.13565
30.6944	0.270419
33.4504	-8.78232
34.6904	-4.48145
21.5749	8.36475
29.3481	10.7444
35.9363	10.5015
22.8962	10.0596
21.5684	10.3359
18.1758	11.9486
21.7205	12.4461
24.4849	14.6491
17.7911	14.9372
18.0502	14.4394
18.3449	15.5062
20.421	17.3049
21.2809	16.7884
21.6272	13.1595
20.5667	4.8396
28.7813	-2.52692
32.7284	-5.7063
36.1707	-9.28289
30.3969	-9.54092
38.0727	-13.522
31.7107	-2.24064
18.1187	15.6004
22.715	18.6978
16.3923	18.4756
14.0525	16.2381
24.3385	15.5865
16.6877	14.3882
18.4073	14.6723
18.8098	15.0932
16.6111	16.2619
18.6143	17.0444
18.2476	17.6304
20.1277	17.2707
17.0642	15.8708
19.9965	14.7481
17.4127	18.4447
19.0064	18.5222
17.2729	17.1962
19.7276	15.7486
17.1678	13.5174
19.5865	12.234
19.7216	13.5666
21.3769	10.5265
21.3084	9.9808
28.4356	10.1783
16.5598	11.3096
28.7846	11.1955
25.9396	7.58489
23.6876	9.02094
25.0167	11.3582
24.9471	11.2138
23.3258	9.81478
21.9969	8.7498
24.6198	10.1508
20.2691	9.0686
25.0236	7.50866
33.4557	4.33646
31.3935	0.475848
22.5958	6.06058
31.1759	4.48397
24.4931	4.73149
27.456	2.80031
27.5764	6.49059
23.5978	12.7424
19.6234	16.2014
22.0487	13.7348
22.8627	12.2077
28.7513	-0.170225
33.2408	-9.1061
31.5106	-7.3525
33.0857	-6.56853
29.4336	-7.21368
31.4693	-7.14594
32.3645	-6.23837
32.3332	-7.83987
33.2603	-10.5278
30.5853	-8.90503
31.163	-7.67565
32.7372	-9.56932
32.0718	-9.98849
30.6938	-7.34429
34.4004	-11.2122
33.8424	-10.9112
33.2521	-8.65923
33.4074	-12.1199
30.9936	-11.1614
32.9027	-11.9235
32.4515	-10.4903
32.0684	-7.32039
33.4126	-10.0777
32.993	-12.8609
30.5763	-11.3015
30.2365	-10.3657
32.7356	-9.28519
25.7052	-1.40864
25.7611	4.8648
28.7646	-1.63958
35.407	-13.538
36.5482	-15.2578
32.2355	-13.1005
31.7486	-9.91773
34.489	-13.8748
35.6226	-14.8655
37.5572	-11.9951
30.9401	-12.6218
26.673	8.69383
26.897	16.3789
21.2986	11.0976
24.8514	8.90849
23.7508	10.2957
24.2945	8.56214
20.4519	7.29322
21.0191	9.04103
16.1832	11.9198
32.5219	11.3609
15.5753	13.102
23.5317	14.0351
21.9925	12.21
18.9553	12.5964
25.4704	12.8927
22.5086	14.9844
20.7417	14.7572
20.0639	13.321
19.5221	14.7116
30.1538	2.82436
28.5453	3.82686
21.785	5.93503
22.618	9.04393
23.8398	11.2914
21.5745	13.7422
17.3245	14.1309
28.7054	12.458
20.2572	11.0202
21.0757	11.1456
18.6378	8.45331
27.5516	7.72344
24.1014	9.27253
28.9682	7.4384
29.8214	3.92359
29.732	5.40285
16.9227	7.34533
24.052	6.24635
23.5912	5.97342
28.7068	10.1421
26.87	15.5287
21.0094	18.3412
21.7314	20.4381
21.6196	19.9682
19.2664	18.7579
19.4388	20.1005
21.4235	21.4056
19.2419	18.2202
19.2936	20.4902
15.7011	19.5041
15.7292	20.4163
11.3964	20.9997
11.7565	20.8879
17.474	19.2659
25.4643	11.6802
28.6985	9.28092
22.4481	1.69985
31.1942	-5.2402
33.5761	-10.064
34.688	-10.4933
28.8925	-5.55423
31.7261	-5.2764
32.6715	-8.95183
35.1117	-8.87812
35.9355	-10.0469
25.2332	-7.48109
19.5728	1.02577
14.8532	3.53236
14.8679	2.71983
16.5234	-2.70951
22.1448	-2.51109
32.5889	-9.56328
32.5952	-12.4929
32.3052	-10.3501
31.2391	-8.16317
31.0653	-8.26838
32.2433	-10.3403
31.0939	-9.76171
34.2006	-10.6677
35.1108	-13.0122
28.033	-6.848
24.3226	6.13618
26.5733	13.9517
17.7955	13.9798
17.3656	13.5636
27.8288	12.4206
20.8869	12.6557
17.1731	14.5523
24.4204	16.4728
16.9942	18.3219
14.9895	17.4046
18.1277	17.9314
13.8707	18.3761
14.908	18.8154
18.2894	19.1775
17.7367	20.4639
12.0175	17.0138
20.041	10.1926
24.6991	2.92875
25.9696	-1.0602
27.7302	-1.88302
31.238	-6.76268
17.8323	4.35465
17.2993	14.8406
16.0025	16.6646
21.7501	13.9203
16.8476	12.9584
19.3789	12.7089
23.7992	10.5032
16.3577	16.3385
25.2268	7.62139
18.9103	10.9087
16.302	11.3262
27.2341	6.64995
16.5168	13.6488
28.7567	9.16099
19.2981	7.40962
29.2927	-2.6321
35.3405	-7.23246
35.5271	-10.0206
32.4749	-8.77995
36.6073	-9.71831
38.0809	-11.1706
32.68	-13.685
34.9789	-10.1638
32.4045	-11.7614
37.4912	-11.7924
30.7574	-10.8193
36.3189	-5.92413
25.5806	-6.95053
25.4657	10.927
18.784	15.3915
28.925	12.3429
26.7914	8.53887
24.3152	12.389
23.5935	11.1518
20.9131	14.0157
19.5024	14.7939
21.506	14.4782
17.1	16.3017
26.1947	13.6391
21.4456	13.2928
21.2314	13.4842
25.5411	15.0402
23.5224	15.6804
23.8456	13.8979
17.8144	10.6058
21.8977	9.80978
20.23	8.86001
22.5069	8.93962
19.7812	10.488
19.1237	10.7423
27.7592	8.21381
18.9392	9.89554
14.873	10.9589
19.7399	12.3305
20.1833	10.6622
15.887	12.3532
23.6978	13.1241
23.8488	12.3581
17.8734	14.1723
22.6255	15.0963
21.9679	15.937
19.0411	14.7488
13.7815	16.6736
20.4494	14.2868
23.8334	13.5617
17.6878	12.6554
17.3589	12.4835
25.9933	12.8333
22.5263	13.6775
16.5132	13.0193
21.8619	10.774
22.8217	12.066
26.243	12.4016
21.0266	11.5496
26.3748	9.96822
22.9221	11.7301
21.256	11.0766
21.151	11.0806
21.8434	13.402
21.3335	15.043
21.3383	13.6515
22.9074	13.5102
24.3909	10.0713
21.7733	12.1234
24.5503	12.8484
22.2981	12.6033
19.0092	13.1808
21.7984	11.4946
18.1314	10.6344
18.2195	10.0807
19.627	12.0134
12.762	16.0018
17.877	14.0619
17.9826	10.7025
21.018	4.61943
28.4534	-2.7039
37.8207	-9.59184
33.4689	-11.4748
33.8749	-8.41157
35.3823	-11.566
29.7423	-10.1708
34.8849	-14.492
31.9624	-13.4438
24.395	-1.52416
16.2032	13.5876
19.6516	15.8458
20.6015	12.4241
27.2416	11.2942
21.8537	12.415
20.4607	12.4634
20.4046	13.0231
23.7765	13.6192
22.1598	15.7532
22.6634	13.6506
18.8181	13.8203
20.2087	11.9428
19.508	10.2642
24.1489	8.53644
22.889	8.65939
20.9217	8.42323
25.9686	12.2033
18.6986	14.0547
15.9396	14.6845
14.2971	14.2616
18.3748	15.3952
18.5611	16.0872
16.5661	14.7337
22.4548	16.2551
20.1335	16.1287
16.8994	15.7185
17.9495	14.971
26.6826	15.0793
26.4906	12.6741
18.3915	12.4031
20.6269	14.61
20.0586	11.9716
27.556	0.907715
32.8094	-6.7094
32.932	-9.71191
33.3068	-10.0136
33.5493	-8.78078
33.2465	-7.95829
32.7321	-8.71687
32.5266	-9.41601
30.265	-8.71287
30.7274	-11.5638
29.3068	-9.71725
32.1616	-10.8227
31.1643	-11.5248
33.0183	-13.4724
32.8644	-14.1069
33.4978	-11.3082
35.4595	-14.1771
33.1642	-12.3686
23.9134	5.83808
24.467	8.93773
33.0552	12.1902
25.4847	11.3742
22.5688	17.778
22.9537	13.9936
24.9909	16.3315
18.229	14.9368
17.1242	12.4336
22.0836	8.97492
27.5978	1.51734
34.4869	-6.91937
31.8308	-13.2207
38.413	-12.9493
35.8268	-13.1239
30.9637	-11.3804
37.33	-13.291
34.0764	-11.3631
29.2666	-8.72778
29.6957	-10.5108
25.8134	-1.95427
23.7899	15.4787
23.9392	17.8338
23.0892	11.8773
26.3072	11.5028
24.4728	9.76253
28.7507	6.77467
26.6166	8.92433
17.4569	11.8309
22.9079	10.9748
20.7164	12.1958
21.2768	11.1942
22.3907	9.68853
26.8075	7.39924
19.2357	8.95188
26.1623	6.39646
30.6046	5.5067
22.3355	6.79159
23.9644	5.68336
23.4007	4.0072
26.058	4.2105
33.5983	4.48047
24.2293	5.92554
24.8031	5.87682
30.7454	5.55364
24.7083	4.00898
22.5607	4.82378
30.111	2.30458
27.0662	4.73045
22.5731	4.02105
16.2797	4.51347
31.8784	-2.23751
36.5599	-2.42914
29.2098	-3.09593
28.87	-4.56538
29.4645	-8.65461
39.3549	-12.7165
30.7991	-4.34761
18.8419	7.41846
25.1342	8.69288
24.4904	8.85515
28.4585	11.6092
20.3707	12.3095
19.8005	12.1907
20.0155	12.0506
31.5095	9.73437
34.1756	8.11884
20.8612	8.10027
31.0549	7.9654
20.5355	9.1289
20.5681	9.15477
27.2212	9.2705
22.0038	8.74072
21.4578	6.43811
32.6809	4.85519
26.9052	2.69797
24.7064	4.91617
31.5368	0.743567
23.3322	3.00484
28.8046	4.95293
32.7701	2.73823
32.7762	3.70593
16.5167	9.31536
22.6202	9.44619
27.5942	9.78707
22.3463	8.00683
30.8697	5.05369
27.2947	5.02254
29.9731	-1.28504
32.357	-5.98085
34.9031	-10.9281
30.9732	-9.19913
20.198	3.7303
23.8007	10.1311
23.806	10.0295
22.6893	9.1413
24.1314	8.91015
19.9847	8.8539
30.2537	8.60999
29.1837	7.64785
20.3836	11.029
23.8398	10.6274
24.9153	8.86654
15.0367	12.1246
19.5329	11.2971
38.6851	6.94005
18.3978	8.85529
19.6616	8.75278
23.6858	8.13262
27.9987	6.02256
20.0861	9.31231
26.5294	11.3077
17.2584	12.0841
23.8048	10.6793
25.0783	10.3154
25.7409	10.1867
26.4015	13.8988
22.6555	12.1323
22.147	11.6298
21.1244	13.2993
22.9466	13.0533
22.7919	12.297
25.1389	11.7481
23.9795	11.9758
22.4117	10.868
22.7337	9.62952
27.5174	11.2103
30.7925	9.88491
28.7155	6.55566
22.304	5.74056
21.3257	5.45131
23.3021	4.13733
30.2032	4.68134
26.1664	4.00685
21.9034	6.24569
32.5204	3.11968
26.7561	4.53242
24.5582	6.59395
20.7406	9.02829
17.4617	12.0966
24.99	15.0823
22.6925	5.96924
29.3697	1.33601
30.8858	-5.3751
31.998	-8.36965
30.601	-4.98996
31.6391	-7.49606
31.6727	-9.57764
37.3041	-9.09405
23.1681	10.6711
26.4703	15.7437
28.5551	15.7699
23.9235	10.9467
21.9585	8.95034
23.2108	13.3919
20.5059	14.8738
19.7662	15.8473
16.8942	16.8394
16.2228	18.4436
16.0332	18.7711
21.0516	19.3181
27.6254	20.2246
15.5416	17.5665
18.3136	16.1797
21.9358	16.7068
25.1112	16.396
16.4599	13.6273
22.6671	12.1935
23.5058	11.3062
19.8075	10.3762
29.9511	-8.46766
34.9261	-12.8884
31.5488	-10.9553
31.2608	-9.94856
32.1615	-11.7815
32.2695	-9.47354
31.7507	-10.0351
30.8602	-8.48221
29.6304	-8.08985
25.1414	4.02628
22.9414	16.8101
20.9958	15.2197
21.2143	16.5856
20.3655	16.1598
18.9072	16.975
26.5363	14.7688
17.9073	17.8151
18.2273	16.023
27.6765	11.9104
21.7955	11.8343
13.8904	15.3906
20.4019	15.3444
24.7381	15.9532
20.0663	17.598
19.9826	15.6101
22.892	15.2369
17.529	16.2126
17.6792	16.92
20.6269	18.4708
18.4138	18.999
17.4171	17.1266
19.6606	15.3369
21.0847	8.88968
19.1716	11.2213
30.7255	0.550371
28.1124	-3.20185
33.7016	-6.02205
30.7384	-3.11333
32.9886	-6.89328
32.2318	-8.22354
31.7626	-9.05861
30.6281	-4.4341
18.4775	7.96636
20.9576	12.2549
27.4834	7.46102
25.8382	4.85363
24.8397	7.7424
24.3993	4.49559
21.9917	9.48509
24.1604	4.73147
23.002	5.25829
17.4831	11.2374
33.175	3.61006
25.9328	7.09779
37.9561	0.795453
37.3	-2.45213
25.5759	2.51326
25.1187	1.13871
22.8282	0.334575
28.7486	2.05955
30.3663	5.39106
23.7319	4.19991
34.066	0.709735
30.0004	-5.05233
30.6328	-9.80702
32.1926	-8.21995
32.3698	-9.87174
35.5113	-12.6931
29.2845	-8.38483
31.913	-9.56958
28.5001	-3.08383
27.1141	3.11159
26.1562	4.50098
22.8062	8.21166
22.961	9.3591
19.8069	11.4977
17.8587	16.1427
21.5134	13.6038
19.2731	14.3872
15.4576	16.1977
14.4624	16.4981
27.8911	10.1288
25.9718	13.7306
23.7777	12.394
15.0404	13.437
35.7537	11.1387
23.473	8.53007
16.9533	11.5451
25.9646	8.24714
26.1138	9.39218
18.5953	10.8352
34.2317	9.25133
25.3516	9.18983
12.0814	14.3299
18.6464	10.8829
23.8179	9.7224
32.093	9.11573
23.8059	9.55262
33.3938	9.9706
15.7374	11.6427
24.5546	8.67889
28.6772	7.84855
24.5418	8.51058
20.2898	6.43641
27.4182	4.8569
21.8984	5.30876
21.7853	4.88774
24.2486	9.24904
23.3408	5.94063
32.9203	8.27788
20.5386	10.5284
22.0442	8.96109
19.1678	8.71266
22.9546	9.02699
23.2522	7.93623
25.986	10.6004
16.7701	11.4233
23.6532	10.581
19.5157	9.85621
27.0745	9.32242
19.8563	9.76077
14.5049	13.76
19.9569	14.8825
17.1826	17.7732
22.4226	16.3794
23.7245	3.55857
33.3923	-3.93177
33.2584	-9.25738
33.9308	-9.14964
34.7686	-12.1953
35.4595	-13.3034
33.6206	-9.65398
36.3216	-11.3404
33.2879	-12.1154
28.6188	-8.08785
40.4942	-11.8424
30.666	-5.77836
19.3959	13.8856
20.2356	17.2162
21.9199	12.7064
22.949	11.0686
17.9503	11.1657
20.7269	13.9464
18.7503	14.069
19.2796	14.1185
18.901	15.8877
15.1882	13.3262
26.3573	6.02179
27.9152	-6.4077
38.657	-8.30896
31.0623	-9.50062
36.1441	-8.15087
34.4423	-13.7382
39.9484	-13.4114
32.1206	-6.64486
31.919	-7.25296
32.5198	-11.671
28.291	-6.97108
29.1334	-10.1407
27.3709	-7.87394
28.6796	-8.05568
37.3287	-3.12173
37.3641	-4.57772
20.6704	10.6546
24.7434	20.997
24.448	18.2506
22.0182	16.9349
24.7938	16.8722
17.6286	17.0742
16.212	15.7864
18.6127	13.3267
24.5495	3.85054
28.9917	-0.596541
26.872	-1.59279
28.6851	-3.98503
32.3584	-7.86589
25.4676	-4.0443
33.0477	-7.33587
33.9259	-5.66879
35.803	-11.6089
27.4091	-6.06047
34.9353	-2.49491
36.959	-5.45359
24.2377	0.776136
18.2248	12.5451
24.1768	13.5487
17.6309	11.8645
27.6851	7.54711
27.0901	4.49384
23.9326	4.23774
25.5049	6.5488
30.1279	3.34226
21.8217	6.53588
19.6037	8.02112
24.0216	8.48199
15.9398	10.1994
28.9561	2.73318
28.8239	-1.99564
32.2634	-9.25685
36.9792	-11.6975
33.6071	-9.19881
31.7714	-11.3406
19.0056	4.27247
24.4689	12.0259
27.0611	8.8425
26.9845	10.8081
25.9501	10.3783
24.4989	11.4308
19.3198	12.2471
18.7033	14.2151
24.89	15.46
25.9209	14.1949
23.8852	12.071
22.5492	12.6826
24.2267	13.1021
21.4334	12.8989
22.2847	16.288
20.9105	13.3493
22.564	8.74331
23.8773	-0.468419
35.391	-9.64867
26.1054	-8.14959
27.6188	-6.12209
26.8133	-4.62761
33.3554	-8.09137
37.0385	-12.9187
29.9572	-9.58417
34.7309	-7.18102
37.0622	-10.5178
36.5581	-7.20507
22.2289	13.1542
25.905	13.6198
30.2346	8.10337
30.9645	7.60748
26.9297	6.35143
30.734	7.86131
17.8513	9.04357
31.2675	7.89314
23.1455	6.61889
22.5497	7.32655
19.5572	8.27991
26.5992	9.20008
26.7332	8.26103
28.6087	10.4566
19.5462	10.2682
25.1639	11.7827
27.3161	12.6548
26.8728	12.9722
21.5238	10.9687
24.6676	12.1134
26.1893	13.0997
23.7983	10.3392
23.0598	11.2195
22.2707	12.708
25.0851	12.6387
20.6992	8.45988
24.4549	9.93212
24.1105	5.92307
22.4903	6.12853
22.3259	4.87728
22.306	11.3907
22.1716	18.5929
22.7714	17.1144
21.2809	11.7371
20.4893	11.4892
24.3185	10.0154
22.1237	10.822
22.4168	13.6332
25.8262	13.153
29.4077	15.918
14.4772	15.5626
27.6546	12.3116
16.2166	12.45
26.269	9.08733
29.2237	5.83731
23.6867	3.55768
32.1369	3.72953
29.2817	2.77932
27.3748	4.21756
22.7893	8.94575
20.5701	10.1145
29.4559	10.2081
27.839	9.60011
19.4365	11.9746
26.2125	10.7725
23.6704	11.8616
17.1214	13.7941
19.39	12.7063
19.8959	4.42449
35.4557	-2.2994
29.7588	-8.31478
30.2409	-7.88959
35.0016	-9.12971
38.7366	-14.5585
35.6065	-11.0054
32.0218	-1.03577
20.7655	13.1723
23.839	13.1643
18.4449	12.2824
27.0285	11.1022
24.2218	10.0964
32.12	4.98026
26.6558	4.61259
25.2098	-0.0758603
29.3699	-4.85417
28.1601	-3.2159
30.7135	-4.10457
24.6801	-2.80587
33.2241	1.40256
20.7041	11.329
27.638	13.8322
19.5715	14.8526
22.3193	12.1217
26.3064	12.616
30.0937	5.4417
26.7948	5.41187
24.7592	4.06012
22.2562	5.00932
27.7529	4.05198
31.0277	8.23969
18.8364	9.76959
25.8524	10.4967
26.6044	10.5796
26.834	5.7764
31.4406	-1.68376
30.7866	-5.35165
32.1986	-10.6833
31.8135	-1.58616
28.6115	3.71162
22.3225	10.5882
19.3698	10.7686
21.0049	9.8298
23.7284	6.89805
19.3595	10.5315
30.8817	7.4837
35.0924	11.0893
24.6421	9.19675
32.4924	3.13083
30.7977	-1.73351
32.8731	-6.10176
36.6482	-14.6049
37.2209	-13.2862
29.8887	-10.9166
29.1499	-9.9124
35.5107	-11.0947
33.4684	-12.0111
29.7106	-14.2374
27.5976	-11.9789
25.2293	-4.0203
22.8453	13.6461
21.454	14.2178
29.6749	13.7519
22.2709	14.306
21.5678	12.4356
23.7048	12.1776
19.3873	11.7973
17.7235	12.9931
18.4683	14.4495
29.9001	14.6783
23.011	16.1812
16.7166	14.2966
17.4487	8.06455
27.8259	0.897635
32.5104	-3.47673
33.925	-3.49483
31.7055	-6.28085
30.2109	-4.86586
30.9559	-5.70288
32.7483	-9.48333
31.28	-7.65399
31.9547	-7.75511
23.6268	3.6667
27.3746	12.6383
29.1607	9.22572
23.7115	19.5173
12.7865	23.2345
9.55572	23.7918
15.5029	19.5493
18.9569	17.7881
18.3524	19.2504
20.7048	14.203
20.9646	16.4075
28.8725	13.6402
31.4495	7.56742
18.5327	11.6948
21.0723	10.759
24.3275	9.53469
26.4854	9.08454
21.4513	9.00217
27.3077	8.36234
22.4675	11.125
35.3341	11.041
11.105	17.728
21.1112	13.4086
20.2242	15.3075
16.7214	14.1513
18.2187	13.6831
24.3161	13.1966
23.4277	12.957
26.1895	9.90361
19.3715	12.7153
24.6453	10.3653
18.5893	12.5137
20.5938	13.5498
26.8994	11.1844
31.7573	13.9263
25.7483	13.0097
18.7013	15.8264
24.7832	17.1684
20.8712	17.8563
22.5409	11.5745
27.1296	4.81684
30.2236	-2.77379
34.1046	-5.53019
28.1909	1.38957
32.4129	8.62075
21.8103	11.7977
17.5853	21.5239
16.3155	19.7534
24.5738	20.3991
18.4641	18.5494
20.2289	12.664
23.398	3.33763
34.6443	-3.7918
34.3055	-6.2658
29.534	-8.97043
29.9693	-7.70926
39.5643	-12.8497
34.1234	-9.98625
36.6341	-12.6453
33.0475	-11.4659
35.4161	-10.6665
33.545	-10.7548
33.3962	-14.2699
16.5793	0.531112
20.2297	2.00352
23.7636	11.1876
30.7046	11.982
23.8734	7.66363
36.3691	5.35531
31.4267	2.42093
24.7828	5.96205
29.786	7.79559
29.8612	5.57027
23.1803	10.473
16.7325	12.4385
20.7842	12.9331
22.7248	10.0516
22.739	9.14626
21.9772	9.81222
23.4737	9.50119
27.1268	7.65833
21.7685	11.5387
23.1238	12.8965
20.6535	14.2124
27.9014	5.48102
26.7916	8.69779
25.7344	13.9021
17.0054	15.6373
26.4534	14.6269
15.4236	16.6603
18.4295	16.3092
20.4784	15.6857
20.3497	17.3732
19.1433	16.6785
19.5798	16.311
18.9082	16.0407
18.3547	14.5061
19.809	14.8414
18.7715	14.8644
17.4547	14.0868
22.6395	16.1318
19.2804	14.9696
20.0809	15.6318
16.8314	18.1429
15.1013	18.9625
19.035	16.0233
20.6469	7.33287
24.3997	0.0881263
37.3985	-7.9182
33.1434	-3.32521
26.1315	12.0575
32.6831	14.9561
28.146	9.27036
29.0151	10.8668
23.9486	11.5595
24.8701	8.66546
22.7726	9.64486
26.8668	8.49116
39.2371	6.79861
35.8739	6.68524
24.4826	7.97344
24.1533	9.08799
23.5704	9.7381
21.2037	6.62279
21.8146	7.1258
25.381	6.13322
32.6386	7.58222
23.3702	11.3869
19.367	14.4549
23.1434	13.3647
21.0494	12.8781
23.1948	14.1695
23.4831	15.106
18.1389	16.327
18.0657	17.1521
23.3673	19.091
12.3572	19.7212
23.9959	9.42121
23.7433	4.66189
22.3656	11.3559
19.3531	10.9454
21.8956	11.9554
19.4573	11.8552
28.466	14.3541
23.5379	13.7694
26.8962	11.506
24.1402	13.3543
20.8748	11.8151
16.0102	12.4496
24.5759	13.1253
22.2502	9.42916
25.4136	4.52463
28.289	-1.12682
30.4801	-3.58516
26.5141	-4.31418
30.0874	-1.55214
29.2449	3.83836
25.2165	-3.61544
22.8037	-4.77099
28.4215	-9.64681
29.9062	-13.4339
27.714	-11.3034
30.7551	-12.2714
38.9419	-10.2298
38.7078	-4.82579
36.8634	-3.94078
15.4172	16.9788
17.8066	15.5761
25.5036	12.9946
24.8731	13.4069
14.414	13.6832
23.2254	16.2558
17.3063	15.289
13.7623	16.9384
24.8194	16.4616
23.4134	17.4608
27.2257	15.1474
22.64	16.7112
18.8279	15.688
29.9633	16.1604
15.8097	17.2571
20.7073	15.9483
21.548	14.4789
24.0437	13.4905
21.8888	13.0069
24.5257	13.2991
19.8494	12.3181
23.3627	13.6595
19.4876	16.461
23.3769	17.3287
24.5176	19.0532
18.324	18.5215
17.3876	17.582
17.216	17.3039
20.5187	17.4102
15.6163	17.1894
14.6892	15.7747
25.2473	17.3831
25.908	16.5332
14.9225	15.8554
27.0692	16.9616
24.3253	16.657
25.6279	15.3332
24.7003	11.4611
27.0959	6.51363
26.1569	-0.38861
29.2858	-5.47668
31.2121	-10.7865
34.6475	-10.6016
31.53	-11.0979
32.4871	-15.6995
31.6622	-16.2373
38.3469	-18.0059
33.7212	-15.9009
33.1486	-16.718
36.0119	-16.0846
32.1283	-15.0459
32.4175	-11.9875
37.901	-10.7803
30.0381	-10.1062
28.7337	-8.8684
30.3514	-8.53632
34.3225	-8.66512
35.6502	-9.32614
20.9327	17.3291
19.8386	17.6823
22.3976	16.0019
23.7111	12.3683
18.675	14.5939
20.7062	16.2306
16.4166	13.7104
13.1614	15.0112
17.5446	13.3598
23.3236	14.167
26.7638	10.2359
24.0471	10.2195
27.5179	9.37982
22.2852	8.20682
28.8925	6.95856
25.4512	6.95995
21.6985	9.26086
30.1407	9.83984
31.0628	7.65861
21.5902	8.23747
21.8485	9.17639
22.8938	7.71674
31.9416	5.67915
25.8598	6.5705
24.3706	5.58708
33.5809	4.61054
23.5833	9.66866
16.6177	13.4043
15.0442	16.6772
13.176	16.8368
21.6398	16.5191
14.2142	13.9577
31.6023	10.1084
24.264	9.53058
22.7062	8.07057
18.3469	9.31607
26.9918	7.23397
19.9297	10.5054
32.2687	9.70563
23.2031	12.1616
18.6949	15.4684
20.9822	14.5256
22.2933	6.29304
27.914	-4.68173
30.5653	-7.09862
30.5091	-9.35926
33.1165	-10.0453
35.2636	-12.775
35.8625	-10.0553
36.1218	-13.2057
34.6237	-10.9412
24.9823	-8.05188
32.5989	-9.51053
33.6957	-13.2724
31.3451	-10.3861
31.6429	-7.88496
33.0864	-7.45978
33.8041	-10.0843
32.9937	-11.029
36.2585	-11.2795
29.8888	-6.23363
20.2198	7.67003
25.6614	13.3366
22.0294	7.95407
27.9968	8.63054
25.0131	6.01688
24.5386	5.63295
18.2402	8.41167
22.0786	5.38258
20.4936	7.31869
25.3598	6.49977
26.0453	7.17875
25.3828	8.84873
18.2331	8.63683
32.4381	4.20805
21.9454	7.5825
25.4269	6.01385
22.3351	10.3449
20.9918	8.64745
20.0173	8.47546
22.1845	8.8357
23.4359	10.1066
22.0305	10.0948
20.564	12.5437
12.6217	13.7977
19.85	8.84358
29.2441	2.18646
32.1566	-4.30888
35.9929	-11.3216
36.0141	-10.5262
25.8041	-4.53495
30.8358	-3.27559
20.1675	9.9856
22.4014	12.0559
25.35	9.86921
24.8793	11.8437
22.8972	11.9779
20.6861	11.4586
15.6958	13.2892
17.503	11.3204
23.1388	11.9421
22.1829	11.1182
21.3754	11.067
24.0898	7.32009
28.2221	5.60468
32.052	6.6195
25.6045	7.35242
22.9362	8.75248
22.665	8.2398
13.0656	15.7173
11.9953	16.3453
21.2585	14.1305
21.2389	6.11969
26.5966	3.10492
29.7173	-1.17152
31.0354	-5.62766
28.9043	-4.54344
25.6208	-4.02673
33.0551	-10.5292
20.3375	3.46243
24.3638	14.5224
25.8079	19.1315
15.5712	20.2311
22.5038	21.127
17.1999	20.9272
14.9334	22.1772
11.5558	22.8058
22.008	21.4695
17.5364	19.9904
17.4976	16.0394
19.3103	16.4278
17.5035	15.379
18.2565	16.4841
23.5282	12.6307
25.0992	14.773
19.7463	13.8373
23.7095	13.8199
27.2059	14.7479
21.2077	12.6077
19.9857	10.8617
21.2368	12.4755
24.7772	11.8429
21.3658	14.1925
17.5552	13.4349
16.8919	11.1419
19.6323	8.8373
26.7561	4.73078
31.0477	-1.69008
30.711	-5.08202
19.3552	-2.09183
37.7458	-8.31031
22.1363	0.877761
19.3176	13.321
27.0558	8.78412
26.1128	6.25245
29.6041	6.52898
30.6963	1.44665
32.4591	2.83568
21.4795	4.68521
22.9558	4.71502
29.0876	3.50956
16.2898	10.8053
23.9143	10.2132
21.7039	12.6916
16.7616	15.3784
16.2489	8.76091
29.8457	-2.53397
30.9995	-4.54383
31.3613	-5.98359
33.5355	0.656953
35.5637	-2.76983
37.6249	-6.40632
25.8667	-6.97581
34.1949	-14.0243
29.893	-8.4181
34.9253	-11.2794
29.3015	-11.223
19.7753	-6.8932
17.4291	-3.55383
9.82806	3.29097
7.37764	5.05343
12.4378	2.56146
22.0363	-5.94306
34.4971	-9.32953
28.2634	-4.74712
15.3197	12.0013
23.4148	13.6609
23.2009	12.0619
19.3766	11.4392
24.2898	10.4115
18.6543	12.3652
20.8499	12.2384
25.6989	14.2112
21.6043	13.4431
28.233	14.0923
37.3013	9.63168
23.2959	13.5811
15.4984	15.1453
23.599	15.361
29.133	11.1242
28.3762	11.1574
28.3603	11.6575
25.9293	13.2897
24.8299	10.5862
20.8512	12.6795
21.106	12.7878
30.443	13.5497
20.0861	11.9019
22.2223	12.098
29.3847	11.4199
25.1934	11.0776
20.483	15.061
24.2296	11.7288
18.7358	11.3897
18.9399	10.3695
27.8172	10.1023
25.7852	6.45228
29.5024	3.82028
29.065	2.88433
28.266	3.0252
30.8021	3.06249
31.7844	2.69176
24.9003	3.32024
25.0107	2.96382
27.3645	3.8697
24.0302	5.38717
22.0481	6.09909
26.2191	8.85116
18.6183	10.8469
27.9113	8.3006
28.6571	11.2959
24.1839	11.9909
23.0331	11.2583
20.4843	11.3341
24.7704	9.84764
27.8186	12.6079
22.044	12.5593
18.7274	12.1493
18.9525	10.6706
22.8535	9.55951
22.8703	10.3623
18.7797	9.98079
23.0876	9.42137
20.6786	10.076
26.2338	10.9776
26.9007	11.5332
17.37	13.432
20.6913	11.6737
25.1358	11.8509
30.9219	12.6516
21.8184	11.0683
21.0894	12.3378
23.4912	10.1639
28.9855	10.5138
28.0352	8.20324
28.3996	9.07856
24.7773	8.63294
33.07	8.99953
23.752	9.68985
29.4425	8.72025
21.7016	9.1563
18.8967	9.51567
26.3829	13.5909
23.0074	12.5107
18.8546	12.4184
24.9085	13.8083
24.6654	13.7813
22.7348	16.554
23.5425	15.9245
23.0922	15.4522
18.2657	16.5712
20.8589	13.8908
19.8951	10.5708
20.2786	10.2597
22.8099	6.88488
23.5209	4.81751
26.6362	1.29367
28.7651	0.00984315
29.2778	-4.25087
32.0146	-6.48796
